840
824
808
798
798
780
810
839
893
886
880
3530
844
828
812
790
782
774
743
773
803
833
798
855
848
798
798
860
3495
3522
3538
3556
671
766
758
750
743
678
727
796
826
856
798
798
810
849
865
895
1031
1038
1091
3514
3540
3556
3563
670
670
678
717
678
730
760
790
819
849
879
784
777
778
828
806
1058
1073
909
1038
1038
1038
1059
3581
3580
3580
670
670
670
671
678
723
753
783
813
843
672
698
746
754
780
804
806
1103
909
906
1022
1023
976
976
1029
3608
3616
3625
3628
570
570
657
638
596
596
582
610
635
659
684
714
738
764
711
617
1103
666
705
705
1058
1028
989
976
976
925
979
3645
3647
3649
3652
570
570
570
596
594
575
512
592
617
643
669
698
711
711
579
579
579
647
671
671
670
706
1087
1056
955
925
959
925
964
979
3678
3680
3682
570
570
570
570
598
569
550
512
574
599
531
531
487
487
487
564
579
579
627
627
638
662
670
670
981
886
869
925
925
966
979
979
3698
3712
3698
3698
570
570
558
530
512
512
510
557
486
487
530
487
487
520
545
570
583
583
594
618
715
726
694
1006
976
946
916
869
895
869
979
979
3698
3745
3748
3698
462
462
478
497
514
494
481
413
413
487
487
487
430
501
526
514
527
542
542
655
679
758
772
726
1031
1001
971
941
886
862
864
800
868
859
3769
3775
3786
3804
453
453
453
439
478
413
451
413
458
485
513
459
430
482
470
482
506
568
594
634
598
787
801
815
829
944
884
884
800
800
830
800
851
859
859
864
3803
3818
3829
448
440
425
410
395
381
413
409
397
421
449
476
416
425
438
461
547
572
619
638
598
676
830
844
857
1156
884
884
884
878
850
800
795
844
878
887
889
3836
3850
3852
3855
412
397
382
367
283
283
378
380
407
435
366
381
376
376
503
528
552
598
664
683
761
785
872
887
899
957
957
945
917
884
779
801
762
725
889
725
889
3880
3881
3888
3894
383
303
353
339
283
312
339
357
289
289
326
349
397
446
482
446
532
557
690
708
741
745
901
916
928
1123
1112
972
980
874
845
816
771
725
722
711
700
688
3907
3913
3920
3926
303
303
303
303
280
262
244
226
271
274
304
357
380
470
446
446
665
692
715
719
753
771
789
944
958
971
1093
1082
904
904
885
856
752
752
770
691
680
669
593
3939
3945
3952
3958
3964
283
283
271
253
235
217
226
237
260
311
311
403
478
512
525
647
671
694
719
778
797
854
881
897
897
1024
1051
1024
925
913
863
835
807
672
661
650
593
628
613
3977
3984
3990
4001
110
110
110
110
161
185
194
216
276
276
276
432
446
542
603
626
653
678
765
792
820
824
868
935
897
1038
1019
1015
883
863
863
858
653
593
631
620
593
613
613
611
4015
4024
4032
110
110
110
110
138
150
171
318
276
276
276
462
475
558
572
572
696
723
751
779
824
824
855
967
976
1066
1029
983
927
896
868
853
706
678
649
621
590
578
604
592
580
4047
4055
4063
124
124
110
110
98
83
301
318
349
379
377
362
504
431
592
654
682
709
737
765
792
1071
1043
998
1004
1092
984
984
965
936
907
831
747
718
690
661
571
559
548
557
568
514
4078
4086
235
209
191
169
54
110
83
272
260
247
267
338
340
341
402
607
655
629
696
723
751
1088
1084
1056
1004
1031
1045
1034
1008
913
886
760
760
791
729
701
552
501
501
501
532
480
514
4109
4117
258
209
214
109
65
67
140
127
230
212
267
291
291
229
372
359
459
697
709
709
1088
1088
1088
1004
1004
1068
1078
970
934
906
859
817
788
747
747
545
545
501
480
480
477
381
347
325
4147
280
122
59
28
19
17
111
48
201
187
266
275
248
276
303
331
429
727
739
752
392
1088
1088
1004
1031
1099
1109
947
919
891
851
825
796
729
720
545
494
545
528
428
447
371
372
347
325
167
147
37
40
15
6
20
48
48
139
164
189
229
262
290
369
382
754
392
392
392
392
1031
1031
1120
1122
1122
960
932
851
792
716
682
682
689
538
538
494
488
459
402
371
393
370
210
190
170
40
11
23
36
28
48
98
126
142
195
242
279
299
343
393
424
392
392
392
392
489
1122
1122
1122
1169
889
861
833
805
777
749
722
658
569
538
529
474
445
381
371
415
255
222
190
190
31
42
53
18
68
86
64
64
123
195
235
283
320
299
347
453
466
479
492
392
518
1122
1122
1122
1200
889
874
847
819
710
682
654
630
618
543
521
475
439
341
343
291
269
222
190
190
49
49
57
68
29
116
128
140
153
195
235
237
349
363
376
483
496
509
519
528
539
556
1122
1221
1222
914
842
779
750
722
694
666
599
588
530
503
435
407
366
345
351
399
409
255
49
49
57
58
68
68
146
158
170
182
195
207
365
379
392
406
419
526
537
547
547
547
1211
1184
1222
1222
808
791
851
706
695
592
522
549
510
482
421
409
388
334
367
430
440
450
461
55
57
61
29
91
176
188
200
212
225
237
395
408
421
435
448
547
567
547
547
1238
1226
1198
1171
766
795
766
624
659
604
576
548
504
478
456
453
402
375
410
422
461
461
461
53
29
64
29
193
205
218
230
242
255
267
279
437
451
456
456
456
597
609
621
1238
1238
1212
1185
766
765
752
672
624
617
574
552
517
498
427
484
494
428
464
445
461
461
461
461
29
29
64
223
235
248
260
272
284
297
309
456
456
456
456
456
627
639
651
664
1238
1227
926
774
745
713
670
642
597
620
517
560
570
487
504
504
492
484
445
445
461
461
461
29
29
64
253
265
277
290
302
314
316
316
316
456
456
456
644
656
669
681
693
706
883
909
739
700
683
656
680
654
580
591
601
611
577
552
492
534
504
445
461
461
367
57
29
46
283
295
307
316
316
316
316
316
316
316
456
456
674
686
699
711
723
736
866
753
700
697
698
695
667
611
622
632
662
596
572
492
565
575
586
596
461
461
276
64
301
313
316
316
316
316
316
316
316
316
316
456
692
704
716
729
741
753
823
850
700
700
698
698
681
722
697
670
672
646
646
569
595
606
616
627
632
632
461
316
316
316
316
316
316
316
316
316
316
954
954
931
897
869
838
807
783
769
769
754
792
792
791
766
739
714
646
702
713
724
735
626
632
632
632
632
632
632
316
316
316
316
316
316
316
316
316
316
954
954
941
912
882
854
826
769
769
769
859
833
791
783
757
711
646
733
743
754
765
632
632
632
632
632
632
632
316
316
316
316
316
316
316
316
316
954
954
954
951
922
894
866
841
769
769
852
791
831
848
749
752
763
774
785
796
632
632
632
632
632
632
632
632
316
316
316
316
316
316
316
954
954
954
954
954
932
903
878
850
769
1104
1125
858
875
891
783
794
804
815
826
837
985
995
1001
1007
1008
632
632
632
316
316
316
316
316
316
954
954
954
954
954
943
914
891
769
769
1152
1168
894
894
894
824
835
846
857
945
973
1003
1014
1026
1038
1050
1051
1051
1051
316
316
316
316
316
954
954
954
954
954
953
924
903
769
894
894
844
855
866
876
898
933
961
1032
1044
1051
1051
1051
1051
1051
1051
1051
316
316
316
316
954
954
954
954
954
954
934
894
874
884
884
884
916
1030
976
1051
1051
1051
1181
1181
1181
1051
1051
1051
1051
316
316
316
954
954
954
954
954
954
884
884
884
884
947
976
976
1115
1142
1170
1181
1181
1181
1151
1151
1051
1051
1051
316
316
954
954
954
954
954
884
964
964
964
1058
1101
1134
1160
1183
1151
1151
1151
1151
1051
1051
1051
316
316
954
954
954
964
1019
1034
1092
1120
1148
1151
1151
1151
1151
1151
1151
1051
1051
1114
1114
316
1020
1034
1134
1151
1151
1151
1151
1151
1151
1114
1085
