1026
1007
1069
955
945
923
895
885
861
849
844
1049
997
990
994
1054
1079
893
971
889
859
869
828
820
793
785
799
873
1089
1060
994
988
967
946
903
888
886
867
824
847
737
737
733
733
740
786
844
822
829
1062
1017
1005
1050
1021
952
946
940
932
865
849
821
789
846
876
737
673
715
728
733
822
854
829
945
959
1111
1017
1017
993
959
915
920
913
917
963
911
871
789
780
753
707
725
697
673
687
731
760
801
896
911
970
953
1059
1015
960
965
927
953
906
894
881
885
935
928
893
844
785
772
703
685
641
641
666
740
769
793
793
911
953
992
1019
1102
1069
1050
1014
984
955
914
896
833
856
849
822
971
948
901
874
815
802
654
674
616
626
788
774
739
726
726
758
953
1006
1033
1061
1082
1172
1150
1116
1128
1028
994
1018
891
887
859
824
816
862
892
968
906
857
845
618
624
579
583
593
664
643
707
712
770
734
992
806
806
862
881
974
944
1156
1129
1099
1056
1073
1060
857
814
772
781
781
822
855
896
926
897
874
583
590
545
551
543
583
606
675
654
654
654
869
862
806
838
854
953
1260
918
918
935
905
874
845
831
788
791
756
748
770
801
831
848
884
676
583
583
598
550
520
529
583
606
636
681
710
652
652
853
802
792
792
839
891
1282
1053
918
918
907
877
847
817
801
782
749
721
708
719
838
870
874
884
526
676
662
630
587
487
496
599
642
659
595
620
620
779
808
836
774
878
839
839
968
1074
1044
1011
956
725
713
663
663
763
751
721
699
683
697
602
600
889
493
535
526
659
504
604
455
464
566
704
704
558
595
624
666
708
719
743
789
818
1022
1013
1095
1066
1038
1010
970
724
681
651
630
653
708
729
659
653
703
622
592
563
533
493
529
475
463
429
407
531
535
437
469
558
558
593
636
683
698
708
738
795
821
789
883
932
836
836
836
836
680
661
618
618
675
706
615
611
646
537
615
639
592
556
476
449
475
429
388
395
396
494
471
461
531
530
615
609
652
652
674
729
754
828
828
895
932
849
849
767
816
814
654
639
585
608
579
571
567
585
556
529
525
670
624
467
429
409
382
354
356
365
338
401
437
461
461
477
521
552
559
627
655
717
722
686
873
867
840
912
932
849
798
750
782
637
605
559
542
549
543
540
562
493
514
436
436
504
472
423
404
373
324
324
333
368
399
427
461
451
477
519
549
559
602
630
674
686
734
765
796
805
887
849
849
822
792
749
622
587
548
505
488
496
433
407
447
469
410
413
587
557
529
354
352
327
291
300
281
301
367
414
419
424
479
520
522
591
616
717
710
739
767
798
894
879
844
815
784
757
720
691
568
568
519
471
453
424
392
365
369
342
381
338
494
499
200
262
261
260
269
313
343
373
383
370
409
440
470
471
557
575
605
721
686
769
797
827
837
844
844
815
784
757
718
686
664
563
547
575
444
392
386
356
315
319
353
391
421
466
184
184
228
227
236
234
233
339
339
339
382
398
458
508
533
570
600
608
608
795
795
805
735
837
931
815
784
835
724
686
567
638
591
522
611
634
665
677
263
263
263
263
186
200
184
184
329
343
195
193
202
141
266
303
303
383
384
439
439
471
545
545
545
542
736
763
735
735
811
885
855
804
788
788
508
495
559
479
486
614
614
666
677
227
194
244
205
179
145
162
184
323
339
309
161
141
154
179
287
292
351
383
484
495
403
524
525
450
524
555
707
711
715
707
885
678
716
746
752
503
495
532
447
686
705
735
766
796
227
181
194
173
118
78
46
14
16
272
252
129
113
154
154
256
283
303
352
369
524
406
491
492
450
450
558
588
679
683
710
663
648
618
579
553
526
473
450
402
380
350
320
289
259
228
198
167
137
106
75
47
15
15
31
59
101
137
154
197
228
238
284
318
348
379
409
439
454
500
530
561
591
646
621
708
660
647
625
586
540
522
481
445
411
367
349
319
288
230
227
197
167
136
83
76
48
16
15
31
75
124
111
202
195
226
238
284
342
334
379
410
440
453
506
531
562
594
621
655
709
702
702
639
583
602
513
484
448
367
367
413
319
289
230
254
243
229
284
315
403
49
17
14
31
130
167
142
216
216
270
300
331
361
386
428
459
489
546
537
500
594
595
650
625
827
723
723
816
780
750
661
655
524
411
376
350
480
466
287
284
262
239
284
362
384
390
370
186
130
186
199
224
251
283
251
279
361
407
374
411
462
492
558
558
637
606
638
674
723
870
761
761
828
700
699
697
624
556
563
498
453
443
440
287
299
280
298
311
354
413
393
362
332
303
222
231
195
251
315
356
382
427
427
427
427
466
599
602
610
665
645
697
727
766
855
854
802
690
662
657
606
587
531
499
453
434
405
355
346
280
355
383
450
442
433
308
308
295
253
264
261
321
347
321
421
427
427
427
427
569
667
650
631
666
841
810
767
822
821
759
702
674
646
613
619
656
543
496
496
542
529
361
414
436
436
424
470
484
484
561
291
287
285
323
354
368
413
445
448
476
534
564
569
714
631
702
730
698
783
783
795
765
742
715
687
1055
1081
651
670
581
535
532
588
521
488
448
436
481
510
503
525
544
520
318
318
328
285
322
433
435
448
476
511
541
569
601
745
775
734
726
939
897
879
795
765
798
990
763
745
715
683
717
615
567
565
561
549
518
480
436
491
541
512
531
495
488
355
352
360
523
485
469
459
524
522
569
606
595
605
716
665
695
727
757
933
898
842
829
961
794
751
734
710
741
710
577
602
601
571
540
513
489
582
574
525
563
466
437
426
383
378
491
461
485
477
459
541
572
602
629
664
686
668
750
761
787
813
872
861
892
810
789
751
748
800
830
677
656
616
576
548
546
513
600
609
638
596
494
468
453
415
433
461
493
507
551
580
609
680
667
658
726
719
784
787
813
787
941
877
877
851
826
783
762
803
833
864
702
702
621
591
579
578
577
614
589
568
534
485
450
433
435
435
528
507
560
589
618
631
699
707
777
777
803
803
784
799
927
912
866
851
805
805
803
837
711
711
699
663
638
608
608
786
619
617
544
565
525
461
478
445
487
565
541
507
599
628
658
670
708
760
746
857
864
834
868
957
926
896
834
856
886
916
847
711
767
718
678
639
639
767
767
650
601
600
541
520
523
518
602
597
591
528
609
631
631
721
723
746
783
812
817
817
916
860
880
888
917
870
840
802
762
741
639
673
688
718
750
677
646
611
580
554
556
518
650
629
663
589
1527
1534
1535
769
769
708
746
857
834
972
930
911
938
898
898
834
811
806
788
770
711
724
755
786
816
646
575
577
576
586
619
649
663
663
663
1469
1502
1510
804
799
779
887
887
909
929
952
969
1003
1023
827
811
771
816
752
749
711
723
788
712
706
681
652
609
621
586
702
663
663
1453
1454
1471
822
823
844
846
846
932
999
1017
1023
1023
982
851
848
767
767
792
815
785
754
724
689
660
641
650
686
712
731
663
1392
1426
1431
918
896
869
1044
1039
1081
1022
982
961
870
834
810
838
853
822
792
750
719
673
673
687
665
753
712
747
1387
1392
1413
1444
1469
906
1100
1130
1026
1045
921
891
843
843
928
821
755
783
755
706
706
720
722
785
783
780
1350
1362
1374
935
937
1052
1048
1081
1109
857
879
925
895
864
808
814
784
753
742
775
795
795
796
1324
1330
1270
1119
857
907
912
857
808
808
858
856
763
769
783
812
843
873
876
1251
935
931
884
808
886
895
828
802
815
783
798
