1001
970
928
944
975
1329
1298
1125
1119
1129
1118
1092
1062
1031
1001
950
916
910
1027
996
963
945
992
1027
1058
1087
1118
1148
1208
1248
1142
1177
1193
877
902
876
889
918
949
913
913
913
1030
1033
1078
1122
1152
1183
1200
1098
1086
1233
1203
1176
1231
1250
819
865
844
845
847
879
883
886
889
1004
1006
1071
1073
1127
1111
1126
1361
1318
1065
1065
1084
1122
1152
1175
904
877
819
819
798
798
844
873
834
834
965
969
1041
1066
1044
1033
1083
1400
1362
1332
1302
1110
1084
1044
1072
1107
940
936
906
860
800
801
780
782
845
872
819
823
932
936
850
866
989
989
1050
1431
1387
1305
1306
1205
1149
1119
1050
1035
1003
979
948
908
887
797
827
767
769
747
749
612
783
787
790
885
850
850
866
964
977
1018
1354
1272
1256
1240
1194
1179
1197
1142
1092
1062
1034
1012
982
964
929
883
881
835
794
734
736
715
716
612
750
754
758
850
850
866
909
938
975
990
1346
1316
1287
1248
1159
1148
1137
1127
1111
1038
983
999
985
947
894
873
827
849
779
761
704
704
682
609
612
612
722
689
750
828
809
866
923
947
863
1362
1332
1301
1328
1350
1099
1099
1155
1100
1078
1039
1008
975
948
909
881
857
812
796
766
726
705
674
644
629
637
667
698
728
750
795
817
971
889
838
848
821
781
804
832
851
1136
1077
1036
1084
1021
979
949
911
887
857
827
797
766
736
681
673
699
669
638
605
599
547
517
452
455
517
537
574
608
637
665
806
750
782
762
781
739
876
1095
1047
1043
1071
1038
1010
979
911
955
910
909
828
699
699
657
621
642
599
640
642
644
632
409
407
407
435
465
491
491
574
670
676
705
733
738
696
739
751
751
985
948
997
1033
987
1116
1116
1207
987
988
943
942
699
699
699
682
651
594
622
653
593
593
576
409
362
387
411
430
465
528
558
600
633
586
620
662
621
739
768
793
935
948
948
1002
955
955
1147
1199
1230
1015
1015
978
968
968
699
699
627
545
580
561
606
578
579
543
396
354
355
388
399
432
379
472
501
529
556
557
550
628
578
578
901
887
853
809
809
1007
985
1146
1166
1199
1230
1051
1036
1007
1007
968
699
699
545
545
545
544
607
546
547
510
354
302
323
361
354
379
433
462
491
520
447
479
508
507
554
550
633
660
695
809
790
764
737
753
1085
1085
1202
1249
1082
1057
1039
1039
1039
968
509
510
511
512
514
551
513
515
478
298
264
291
295
319
379
424
312
312
407
447
458
488
478
472
518
515
685
681
654
604
749
722
681
1063
1067
1136
1116
1113
1078
1072
1066
1066
1066
427
427
427
480
481
518
553
481
339
327
281
260
278
276
267
267
312
312
392
392
407
405
447
437
486
433
717
583
557
604
604
636
676
1031
1010
1071
1101
1154
1143
1112
1090
1066
1066
427
427
427
427
508
483
448
450
400
337
282
206
206
229
267
289
312
299
433
427
384
355
396
432
433
454
484
515
545
575
605
624
624
1038
999
1028
1072
1102
1121
744
744
744
744
532
416
361
361
416
416
464
415
371
353
311
206
158
189
158
215
226
292
250
278
307
337
355
324
353
383
400
444
475
505
531
567
597
618
618
967
966
966
965
955
744
744
744
741
738
468
468
382
352
361
384
424
382
384
330
311
158
136
158
136
270
182
210
238
199
229
258
288
318
349
414
388
466
492
538
554
598
617
641
647
906
934
906
933
955
720
716
713
709
525
468
468
468
532
370
346
371
333
354
332
290
151
109
109
109
141
107
134
159
188
219
248
282
312
437
437
446
518
526
553
599
634
642
672
672
919
902
921
955
734
734
627
680
577
525
468
468
468
491
531
309
323
317
322
329
260
200
173
146
38
64
93
120
169
209
250
259
780
506
497
497
510
553
591
624
634
649
659
719
717
827
869
827
815
734
734
628
612
582
552
524
486
458
451
491
287
276
273
286
270
242
215
14
2
24
89
104
119
182
208
238
589
567
537
514
512
546
510
544
654
653
684
692
734
734
889
837
845
814
784
734
732
571
616
479
479
449
424
411
433
268
248
215
251
100
85
57
28
36
34
69
130
130
215
240
682
585
537
578
555
544
578
585
553
685
696
851
820
784
784
770
804
709
740
692
639
708
578
549
482
456
437
390
371
447
262
221
197
150
112
110
71
42
235
57
178
179
168
209
231
703
652
624
598
578
544
610
616
621
715
726
737
787
816
787
768
767
736
705
676
646
669
591
589
495
493
455
431
341
313
283
218
175
196
139
149
187
215
257
209
214
199
197
213
745
733
643
622
544
610
610
642
647
652
801
779
760
879
846
846
885
872
783
757
717
661
627
582
552
523
438
410
366
355
275
261
237
211
223
241
169
174
313
272
278
260
236
271
282
775
763
751
756
641
642
644
675
680
682
841
760
760
846
881
846
831
865
895
925
655
598
615
643
479
451
423
354
331
304
317
288
305
259
272
283
357
347
355
315
338
236
309
282
803
814
784
754
723
675
676
729
711
756
786
817
848
878
908
808
808
717
656
560
560
548
520
455
427
399
430
344
396
322
312
312
382
411
429
372
392
392
315
375
368
340
846
842
812
782
751
681
707
681
732
762
791
822
834
884
914
939
776
669
669
656
617
555
511
479
468
440
406
433
483
419
390
362
358
412
426
426
422
429
440
452
405
360
360
861
861
903
873
842
725
725
737
783
814
844
875
885
883
914
987
741
711
654
612
595
566
538
537
516
493
457
485
443
458
502
376
389
403
469
497
457
469
478
463
445
710
716
896
944
903
873
842
812
765
765
783
813
844
928
886
918
1024
1000
693
631
612
642
648
619
589
560
548
525
509
481
483
516
475
413
413
490
519
485
500
507
487
468
675
684
938
1011
903
1088
1121
812
794
794
837
868
898
928
950
1129
1099
753
729
702
673
653
627
597
548
548
552
522
585
562
519
475
437
444
482
561
567
529
555
587
623
649
980
1057
980
1053
1074
1114
1173
1194
815
794
815
898
982
982
1106
1075
745
725
716
742
806
746
781
618
577
577
558
593
589
473
480
490
505
523
600
567
536
587
644
951
1005
1039
980
1011
1074
1074
1166
1272
1272
1272
1166
1002
1002
1014
1066
875
774
747
719
715
753
664
632
577
684
610
610
600
571
527
549
530
566
623
643
707
688
917
936
986
1000
1020
1025
1074
1358
1329
1281
1254
1234
1204
1166
1047
1017
1046
1034
750
736
763
773
782
753
701
695
667
638
632
662
709
580
563
604
634
660
733
874
895
895
895
961
961
1005
1292
1292
1278
1226
1211
1192
1147
1132
1077
1077
931
910
792
820
793
764
735
729
700
689
651
689
718
611
621
624
649
792
803
848
885
886
887
895
999
1105
1130
1297
1286
1343
1223
1234
1151
1167
1117
916
892
860
833
809
824
785
742
760
713
692
686
743
642
659
677
653
750
788
804
852
858
861
866
1051
1051
1113
1130
1330
1287
1256
1256
1200
1200
1259
927
889
848
845
845
809
805
779
746
735
732
771
674
687
816
856
898
789
822
804
846
858
977
1051
1064
1130
1515
1488
1345
1426
1236
1214
1214
887
890
893
855
833
816
810
783
772
779
725
721
800
831
870
822
853
875
896
977
994
1048
1064
1124
1487
1456
1422
1381
1379
883
883
902
880
871
853
1526
1497
1458
756
756
782
816
855
876
877
898
919
977
994
1039
1059
1277
1454
1424
1394
1365
883
902
910
853
853
1536
1423
1076
1055
954
948
917
887
912
927
902
942
984
1006
1265
1236
1250
1276
1302
1332
902
853
853
1351
1359
1101
1058
979
979
934
896
938
929
969
964
969
1249
1218
1184
1218
1245
1351
1351
1351
1359
1057
1321
1006
964
1006
955
990
1071
1024
1009
1077
1085
1142
1298
1298
1270
1233
974
1164
1130
1098
1073
1031
1031
