1238
1270
1295
1424
1438
1407
1469
1469
1469
1510
1563
1151
1170
1194
1226
1251
1277
1302
1407
1407
1407
1469
1469
1910
1910
1856
1921
1959
1085
1107
1126
1157
1181
1208
1233
1258
1284
1407
1407
1407
1407
1407
1921
1856
1935
1935
1892
1892
2416
989
1011
1046
1082
1113
1142
1169
1175
1175
1175
1265
1291
1313
1407
1407
1407
1935
1935
1935
1935
1892
1912
2264
2279
2283
989
989
1011
1032
1039
1130
1156
1175
1175
1175
1175
1300
1316
1316
936
1316
1316
1935
1935
1892
1892
1892
1912
2264
2264
2253
2216
1079
1025
983
967
993
1061
1096
1054
1205
1230
1255
1286
1314
1316
936
936
840
840
936
1935
1892
1892
1921
2206
2206
2206
2184
2209
2161
1062
1062
1062
1043
937
932
1069
1062
1064
1039
1075
1247
1273
1300
1316
1316
936
840
805
805
840
860
1921
1921
2217
2217
2214
2184
2184
2204
2165
2201
2252
1177
1139
1114
1089
799
799
898
866
1024
1002
959
954
931
1287
1314
1316
936
936
840
805
708
577
591
860
2217
2217
2217
2241
2241
2241
2224
2243
2214
2205
2176
1177
1220
799
799
793
823
853
695
669
981
957
933
837
851
863
917
936
840
840
840
840
574
558
577
2184
2224
2224
2241
2241
2292
2231
2272
2245
2149
2126
1151
894
872
844
807
771
749
718
688
660
610
936
913
851
851
902
917
936
840
860
860
860
574
558
558
577
2241
2241
2240
2240
2240
2240
2186
2178
2149
2138
2109
968
941
913
904
807
855
771
748
710
671
646
610
596
573
868
840
876
836
783
840
860
860
860
558
558
558
558
591
2186
2240
2240
2186
2223
2167
2151
2134
2183
2155
2060
982
955
928
944
885
885
831
747
703
588
588
588
574
533
523
823
788
760
793
847
860
860
574
558
558
558
558
591
657
2181
2181
2171
2155
2091
2091
2091
2092
2187
2176
1004
1043
1078
989
971
885
885
831
735
588
588
532
523
523
523
515
508
760
756
730
827
679
574
558
558
558
558
577
591
657
657
2091
2091
2091
2091
2091
2081
2057
2026
1995
1468
1086
1072
1098
1130
1161
1177
885
885
561
533
523
523
523
532
562
484
439
415
352
683
683
662
574
574
558
558
577
657
657
657
657
657
845
848
1394
1395
1396
1396
1397
1373
1438
1124
758
703
695
664
1162
1177
1177
567
546
519
492
528
528
528
505
476
448
404
376
343
339
645
619
574
790
591
728
658
657
657
657
657
753
780
848
1362
1363
1364
1364
1351
1351
1345
783
753
703
692
624
624
611
583
559
532
505
380
459
528
453
415
415
430
405
319
334
321
286
574
574
597
738
712
658
657
657
657
740
767
848
861
1330
1267
1331
1332
1320
1306
1320
777
748
703
689
658
628
599
570
545
517
490
463
380
380
380
453
430
430
308
308
256
270
293
309
309
571
570
599
658
657
657
657
754
782
848
875
1295
1267
1298
1299
1288
1254
1244
771
703
746
719
624
658
587
558
530
503
476
380
380
380
374
368
430
308
308
256
256
256
335
333
361
388
394
616
642
666
714
741
769
838
862
886
1295
1321
1274
1277
1254
1211
1211
887
862
831
777
779
829
682
698
543
516
489
461
436
380
380
320
259
257
308
308
256
256
256
256
373
378
394
432
458
486
686
697
756
789
810
870
883
932
1273
1318
1232
1223
1202
1211
1243
887
861
786
786
786
831
685
498
474
498
475
445
418
380
368
320
259
246
105
105
148
256
256
256
368
333
394
425
472
500
527
729
755
782
829
863
879
933
1228
1234
1207
1189
1176
1195
1244
748
718
687
657
626
596
565
498
474
500
444
414
405
355
353
259
259
234
105
105
105
105
371
373
384
410
394
425
425
514
542
554
597
798
825
851
901
921
1236
1182
1145
1121
1148
1148
1161
748
717
687
656
626
595
565
535
498
474
444
413
377
352
320
264
251
223
109
105
105
105
105
7
308
316
316
316
425
528
543
554
613
640
666
867
867
1160
1133
1106
1114
1107
1167
1194
1196
748
717
687
656
626
595
498
474
474
474
443
377
415
309
313
292
240
211
183
111
105
105
105
14
308
310
316
316
316
316
433
554
554
656
682
709
735
938
965
1091
1060
1079
1210
1196
1232
748
717
687
656
626
595
498
474
474
474
443
448
448
309
309
368
344
406
145
134
113
105
105
303
303
308
316
316
316
408
439
447
447
671
698
725
751
778
789
1007
1021
1272
1184
1158
1186
748
717
687
656
626
498
474
474
474
473
481
481
480
480
383
396
373
441
145
174
136
171
305
250
250
302
322
351
383
414
444
447
447
522
539
578
767
789
819
846
874
1076
1105
1121
1162
998
717
686
656
625
498
474
474
505
488
488
488
512
527
511
425
439
415
217
204
200
297
308
343
231
270
250
363
389
419
447
478
506
534
539
539
621
649
678
860
888
909
944
972
1172
1146
1148
1158
656
1470
1470
663
619
663
619
541
543
544
547
511
487
457
445
233
250
281
311
342
372
231
218
492
273
500
472
472
447
518
546
574
603
632
660
689
718
746
909
956
984
1012
1158
1158
1158
1470
1470
1470
663
619
663
648
619
581
511
495
528
468
485
478
402
371
340
381
411
263
214
440
585
558
519
530
553
531
580
586
614
643
671
700
729
757
781
781
829
1158
1167
1167
1470
1470
1470
663
663
663
619
593
623
650
562
561
485
513
462
432
401
372
398
441
294
402
633
599
519
519
566
574
608
612
732
728
755
682
711
740
768
781
781
829
1182
1187
1290
1355
1451
1451
1401
663
663
593
593
593
682
594
594
514
545
520
432
432
428
429
379
327
371
665
619
519
519
591
610
630
645
668
707
735
943
916
751
780
808
836
865
1215
1290
1290
1351
1382
1401
1443
1473
1487
1487
593
705
713
721
670
639
568
592
474
457
451
413
364
358
335
695
708
721
712
683
655
636
676
718
743
810
839
876
839
831
822
829
898
1292
1318
1348
1378
1401
1439
1470
1487
954
954
737
744
753
659
646
599
625
515
497
492
455
393
394
364
519
737
752
724
695
636
706
709
744
773
819
846
912
857
857
900
907
1325
1290
1123
1103
1074
1045
1015
986
957
947
878
775
784
659
616
641
658
548
530
525
488
410
410
416
518
519
519
747
708
781
746
741
867
884
750
940
940
982
882
931
940
1435
1123
1112
1083
1053
1024
995
965
942
886
857
827
813
704
667
667
591
558
550
519
457
447
486
516
519
925
894
863
808
775
774
851
839
1030
985
940
981
972
962
1403
1123
1121
1091
1062
1033
1003
974
917
895
865
838
819
704
705
706
658
617
586
546
525
484
497
572
597
928
898
868
802
802
789
804
839
1093
999
997
1028
987
987
1123
1123
1100
1234
1197
1150
1096
1096
1072
1061
1028
999
1043
739
739
671
617
586
574
523
523
521
573
616
615
615
873
835
834
838
890
885
1135
1004
1065
1056
1204
1245
1221
1252
1167
1158
1129
1078
1050
1011
982
962
811
789
771
768
602
595
587
537
554
503
649
649
910
880
867
920
864
868
885
910
1086
1053
1096
1087
1192
1207
1252
1282
1088
1026
1045
975
967
916
907
811
801
801
770
740
709
678
649
587
586
682
681
788
843
835
943
906
903
999
1022
1053
1053
1114
1139
1179
1149
1118
1088
1057
1027
996
958
936
906
875
845
830
758
727
697
667
617
617
659
689
714
745
782
829
862
891
930
966
995
1030
1034
1044
1092
1182
1058
1027
997
995
935
904
830
868
869
961
1011
1144
1146
1195
652
653
695
724
753
783
812
842
872
899
943
992
992
1168
1128
1096
1065
1027
1027
897
899
900
900
926
1039
1058
1114
683
685
686
747
852
786
872
818
848
878
902
937
966
1130
1027
1027
1060
1027
1004
900
933
933
961
995
1083
1252
716
717
718
780
865
825
825
864
917
936
942
937
1027
1096
1074
1043
1004
964
964
994
1003
1041
1121
749
750
751
812
907
876
923
907
937
943
1073
982
964
998
998
1026
1044
1078
1103
781
782
826
856
940
909
917
947
1030
1030
1059
1077
1123
1155
793
814
822
868
884
