1277
1291
1340
1312
1437
1302
1300
1275
1237
1287
1493
1171
1194
1230
1251
1291
1312
1352
1406
1275
1278
1235
1233
1286
1301
1339
1325
1296
1251
1139
1138
1138
1137
1251
1251
1312
1351
1373
1234
1245
1216
1187
1230
1266
1234
1311
1195
1218
1209
1152
1102
1071
1053
1106
1071
1071
1100
1148
1178
1324
1341
1234
1231
1201
1164
1135
1126
1135
1125
1164
1177
1179
1172
1222
1173
1092
1102
1068
1071
1071
1094
1144
1203
1179
1136
1319
1308
1174
1133
1114
1107
1122
1094
1106
1083
1112
1144
1147
1111
1194
1169
1186
1140
1092
1151
1102
1090
1040
1020
1093
1109
1148
1102
1276
1277
1182
1096
1059
1040
1106
1094
1059
1035
1138
1159
1098
1126
1140
1162
1199
1178
1134
1094
1088
1078
1026
996
952
1008
1010
1041
1071
1123
1102
1155
1244
1154
1118
986
1011
1122
1107
974
998
1016
1044
1071
1104
1133
1193
1223
1210
1207
1214
1024
994
964
934
904
868
851
888
918
949
979
1010
1040
1043
1163
1195
1047
983
972
946
921
923
935
967
1000
1031
1061
1091
1177
1202
1232
1241
1193
1172
1055
1024
970
985
934
868
880
839
763
763
753
821
853
877
916
945
976
1005
1006
976
876
852
821
790
759
728
698
677
716
747
777
807
838
869
899
1256
1185
1185
991
1017
935
868
919
940
696
732
726
966
928
890
877
1004
983
617
1039
912
871
593
603
608
605
605
635
654
635
746
776
807
815
868
899
929
1265
1232
1170
1164
1064
1049
1039
922
925
691
696
684
1010
1000
418
455
455
1004
593
610
632
599
576
570
581
567
591
605
622
623
1006
997
980
949
906
906
950
968
972
1234
1203
1174
1133
1094
1078
730
652
652
652
646
656
661
455
455
418
455
549
567
586
588
601
558
539
530
550
551
492
590
590
983
961
931
900
881
906
965
935
911
976
1217
1239
1133
1103
1122
730
730
793
605
697
631
624
594
418
447
418
448
518
541
577
587
522
486
507
450
518
492
540
530
557
941
876
817
849
860
817
893
920
994
1003
976
1263
1289
1210
1180
730
752
783
793
586
592
599
593
487
456
415
440
470
500
530
555
550
522
511
480
449
479
511
541
571
526
906
876
845
817
817
800
864
874
949
955
996
976
1255
1249
1218
695
695
702
743
774
782
560
567
561
559
617
382
382
341
405
568
583
588
563
438
443
416
415
480
468
484
496
941
742
777
788
742
800
833
800
917
923
1067
965
976
758
758
748
718
672
670
663
697
522
528
522
529
579
597
341
363
393
405
399
466
440
410
406
411
384
382
449
440
455
820
798
768
747
742
742
795
811
900
885
870
1035
955
1026
734
784
725
652
605
630
664
694
711
497
490
348
316
272
318
318
358
364
393
204
436
401
376
349
351
352
399
410
429
762
733
697
697
697
719
763
771
852
852
793
1002
830
1057
703
703
665
657
627
605
605
636
411
465
459
371
343
313
272
296
325
353
190
194
197
355
333
332
310
337
385
379
369
762
663
677
725
755
750
731
719
793
819
793
830
802
798
1088
1098
703
611
599
561
561
612
642
411
433
400
337
339
339
241
241
288
343
158
161
165
353
324
285
286
288
352
347
347
604
638
638
628
729
674
689
689
749
787
824
830
939
770
649
1119
1129
560
530
529
538
548
617
642
396
389
417
311
290
260
229
183
294
317
114
114
114
114
294
227
254
227
308
316
323
597
606
662
628
619
656
674
732
773
739
732
739
821
682
652
573
1160
562
532
480
495
423
412
338
338
357
292
239
208
240
204
184
155
78
93
97
2
106
270
252
221
225
274
287
596
563
566
600
628
615
603
590
670
719
723
772
801
830
685
654
624
605
570
540
510
472
423
411
381
338
322
292
261
232
201
171
140
91
78
52
24
6
36
67
114
189
193
245
260
484
528
556
539
497
497
575
543
570
670
670
670
743
808
709
633
661
580
603
501
654
482
451
421
359
384
354
324
293
272
215
178
145
113
132
170
15
15
45
76
114
150
198
216
523
504
507
542
573
486
493
543
575
600
653
693
722
752
759
760
990
697
646
649
609
621
497
496
494
416
417
395
280
299
290
238
216
175
190
168
176
176
231
202
85
110
122
145
193
506
462
464
392
391
454
461
513
519
590
624
590
698
742
794
939
965
724
709
670
705
594
564
540
521
490
449
428
299
337
328
365
226
257
227
203
232
337
243
201
158
135
164
177
206
234
261
434
392
391
427
474
503
533
582
611
640
698
732
742
907
771
770
718
689
669
638
603
572
554
498
432
432
337
378
369
328
265
257
214
242
266
499
284
258
229
187
164
181
227
248
274
302
370
358
423
458
509
539
551
583
629
677
687
687
877
802
719
749
723
696
671
636
601
584
539
446
507
410
410
407
437
359
329
298
272
381
414
320
301
199
220
216
213
292
248
304
323
342
370
398
407
407
487
561
537
629
661
715
742
829
780
778
776
729
692
669
639
603
578
536
510
479
449
433
413
375
344
283
306
359
378
320
294
254
246
271
300
325
313
342
337
365
378
419
438
467
496
514
555
602
651
699
1219
796
796
777
752
700
645
638
603
577
564
530
479
473
467
433
375
319
319
337
353
438
318
318
286
284
310
300
340
340
331
342
418
442
460
457
486
516
535
564
593
622
652
1184
796
848
766
766
745
708
686
653
602
598
560
539
500
494
494
376
319
348
369
367
455
404
371
318
317
313
386
379
531
552
451
455
478
491
448
448
674
654
607
614
643
660
980
880
880
814
814
774
752
711
684
670
648
617
580
551
530
494
409
348
404
402
453
460
437
393
350
349
442
463
503
523
552
524
500
532
502
502
504
651
645
639
623
683
695
931
909
840
840
809
788
763
717
702
645
588
541
570
563
533
417
417
417
417
453
478
458
407
372
382
426
471
503
553
580
520
520
560
547
502
689
683
677
671
665
707
1032
939
954
928
826
794
749
749
735
760
603
602
602
596
596
595
417
468
466
542
517
489
456
415
412
449
491
524
524
608
668
615
595
547
560
860
882
889
711
722
870
999
954
938
907
877
847
815
791
756
726
696
635
629
674
604
574
501
499
612
557
529
456
435
422
449
491
491
647
639
630
636
629
629
660
890
826
769
753
948
1047
1011
960
947
917
834
850
820
790
760
729
654
647
688
626
596
522
522
595
563
513
498
465
492
522
552
581
611
621
621
654
629
660
890
868
853
797
887
931
1035
1006
966
944
890
856
848
808
756
743
689
691
691
621
591
548
565
623
587
557
527
512
547
562
556
556
636
648
678
708
726
767
797
886
824
824
850
1014
983
928
937
864
843
843
815
779
731
734
757
616
548
548
612
634
598
584
548
544
588
637
601
677
667
656
1057
1027
726
774
804
834
868
824
1059
1055
953
997
936
906
876
846
797
746
755
780
782
625
625
644
651
636
585
580
576
593
618
623
701
858
871
871
973
979
1014
1054
909
879
1007
1053
1008
993
963
932
902
873
795
795
764
764
868
838
786
677
710
671
652
613
608
672
714
769
818
818
784
880
912
930
973
1012
936
947
1044
959
897
927
1042
814
811
811
858
836
805
775
739
715
683
625
644
625
677
713
721
767
798
828
852
889
906
965
998
1020
989
959
991
814
811
811
873
885
839
790
790
764
720
702
678
697
737
745
770
781
820
831
852
852
933
957
1152
1121
1085
1058
1032
900
900
930
870
851
821
797
747
713
710
684
742
772
793
826
860
881
908
981
953
1082
1017
1017
991
954
944
928
879
855
825
778
737
737
792
822
824
832
845
874
989
925
1037
1010
980
947
939
901
879
848
818
776
755
794
824
853
871
905
946
989
901
926
879
840
805
805
784
784
971
1005
