887
819
818
817
899
899
899
1038
1053
1039
1400
903
874
849
787
786
785
721
885
891
897
1022
1011
1014
1353
1346
1318
1268
989
917
875
848
829
721
754
753
693
853
859
792
842
981
983
895
895
1346
1346
1160
1140
925
887
901
871
830
817
780
721
693
720
693
763
814
792
842
886
939
895
895
939
1160
1123
1117
1132
1095
943
944
887
876
829
800
773
759
727
696
674
714
744
782
798
824
847
877
895
941
949
1162
1135
1078
1095
1143
1173
992
910
912
822
854
869
776
752
757
729
657
655
654
742
773
819
796
776
854
854
868
984
930
921
1053
1050
1107
1169
1105
944
916
957
852
839
809
813
849
810
719
676
641
651
622
579
647
678
708
741
756
802
837
867
966
930
921
982
998
1043
1073
1074
1135
1165
934
902
873
844
813
783
807
775
745
714
684
654
623
593
535
554
587
608
648
678
698
736
770
784
889
920
947
851
831
869
903
932
962
993
1023
932
876
819
820
803
832
767
721
692
641
631
601
554
498
508
550
584
605
646
676
640
738
789
748
942
909
860
829
816
847
836
881
942
961
1023
926
884
851
821
792
771
776
815
659
744
703
606
625
463
456
476
501
528
548
598
573
619
655
767
707
971
1053
837
812
776
815
865
895
916
962
1008
1017
913
886
843
843
774
759
744
770
697
660
583
569
532
511
481
437
454
481
512
548
580
558
533
522
491
730
691
556
1085
786
760
736
727
889
1009
970
999
1052
1198
913
863
821
780
741
727
692
695
671
635
607
577
552
547
386
405
402
422
455
455
588
550
517
498
472
508
537
658
645
631
806
705
696
1029
1042
1069
1061
1081
1100
894
837
820
785
757
730
712
663
662
652
656
625
574
517
527
554
372
369
392
425
426
467
514
494
449
441
490
513
619
617
602
852
674
665
596
1075
1083
1046
1100
1130
796
836
821
788
745
718
683
657
635
647
654
640
596
547
525
409
377
334
348
350
356
384
443
474
454
437
410
448
477
512
576
573
605
605
634
596
1129
1112
1189
1218
792
829
877
829
820
771
762
750
698
625
617
619
650
624
583
587
452
451
391
328
302
334
323
352
411
439
470
488
384
443
468
492
535
545
511
560
596
596
1136
828
798
738
760
790
820
933
862
862
788
812
693
673
593
569
559
593
624
637
613
415
418
345
313
272
262
326
365
395
390
353
321
344
384
413
427
498
498
535
554
620
596
824
824
805
775
729
696
716
1024
862
818
782
735
731
632
618
556
535
547
597
577
400
425
386
310
273
261
231
221
248
218
236
264
320
319
373
425
427
500
474
452
452
650
660
670
783
763
671
671
695
740
1003
905
929
955
607
577
577
602
529
511
499
550
594
399
391
348
293
273
242
201
297
267
207
204
201
289
287
390
368
381
411
442
446
442
681
691
701
769
744
713
659
669
627
886
970
879
879
930
607
577
577
577
584
477
466
458
400
354
341
319
274
266
272
170
161
176
203
172
146
248
248
357
321
334
370
409
414
410
406
722
732
677
677
653
631
661
691
708
908
938
846
824
898
573
583
595
547
526
436
437
406
369
345
305
274
291
226
148
132
115
105
171
140
178
178
210
325
281
311
331
377
382
356
387
753
763
452
502
592
598
593
696
734
870
800
801
817
876
581
581
554
520
508
464
416
394
380
329
272
249
270
199
164
134
98
91
139
107
150
104
189
235
231
279
263
310
349
322
384
414
445
452
504
534
546
594
603
656
840
767
769
785
609
581
589
613
517
477
468
401
365
340
296
265
221
186
186
230
73
50
59
35
77
104
85
157
168
186
230
260
290
329
358
388
411
449
479
511
541
572
603
633
663
808
736
719
752
623
623
591
576
490
445
429
362
357
323
253
224
194
162
136
106
75
45
15
14
45
144
175
205
233
195
224
268
288
361
329
385
451
501
477
512
817
541
647
609
664
769
644
688
712
743
769
549
549
442
474
398
382
291
280
261
231
210
170
146
116
86
38
64
68
236
184
152
202
366
396
300
336
319
393
589
615
483
535
533
593
789
728
680
678
751
743
667
644
614
584
553
498
498
463
427
385
365
329
301
284
296
216
227
237
119
82
82
82
82
190
219
195
290
320
351
430
460
420
425
573
525
602
563
544
806
775
745
697
710
804
697
667
618
605
575
544
514
482
454
416
400
365
648
332
320
328
340
257
268
314
300
126
127
170
190
213
260
290
304
352
358
456
453
458
522
552
631
597
596
765
781
758
741
739
781
716
677
647
616
585
555
494
494
467
400
417
417
618
607
348
359
336
308
298
288
260
253
160
220
212
244
243
295
333
324
554
508
468
476
515
586
575
633
689
727
784
775
775
773
883
758
667
673
586
599
574
534
551
441
465
475
536
564
355
376
402
287
287
275
252
216
187
203
273
275
441
368
362
359
515
561
516
522
627
618
669
666
691
704
755
823
821
805
801
708
689
689
599
570
576
583
590
673
500
524
552
599
376
431
287
287
283
348
213
223
231
291
491
430
394
394
436
465
579
549
555
662
1072
674
699
720
733
776
856
855
851
771
689
734
743
599
602
608
613
637
681
500
745
795
603
452
462
382
353
335
313
283
253
283
298
432
409
427
445
475
500
568
568
604
1038
735
733
732
778
749
816
888
867
864
856
756
765
774
783
629
638
647
671
701
730
745
569
568
538
508
399
380
363
287
253
288
287
398
378
495
473
486
511
508
617
622
617
1005
809
767
764
797
797
835
914
912
905
787
796
805
814
660
669
678
677
653
724
794
569
600
545
544
399
410
387
370
334
312
343
390
378
511
464
518
490
665
673
654
777
973
843
809
793
833
834
876
889
952
818
827
836
845
681
681
681
714
682
810
810
632
633
578
577
548
435
426
395
370
338
373
406
437
479
498
522
522
665
689
685
744
941
882
851
817
881
915
942
972
970
939
868
877
883
803
738
748
755
765
840
832
666
610
610
530
500
470
439
408
387
417
435
440
468
501
522
564
593
713
693
726
910
929
864
836
885
939
1026
962
948
919
907
872
844
808
765
786
795
801
750
730
693
714
562
532
503
472
417
416
473
435
435
639
644
594
666
720
745
749
871
878
980
897
891
932
951
982
1117
883
937
878
854
824
810
817
825
774
716
694
652
613
614
571
539
478
455
437
497
527
557
580
594
647
666
707
787
727
839
847
1011
914
930
995
981
1075
968
978
858
915
841
850
782
738
725
678
652
630
603
598
570
521
501
480
497
528
575
580
594
648
672
707
727
770
799
828
966
952
984
1017
1051
992
951
903
870
849
808
793
738
756
730
699
686
663
624
576
521
610
519
549
579
608
629
780
712
720
777
821
835
802
839
875
896
927
953
987
923
917
870
885
859
847
838
808
778
747
716
686
656
626
596
566
555
586
609
646
677
695
736
737
762
800
807
1093
1011
904
925
977
982
946
919
877
886
843
908
874
838
695
657
746
626
621
577
576
546
609
669
667
729
731
785
765
800
1069
959
947
964
964
955
940
903
895
878
848
813
787
758
728
687
675
610
602
644
674
697
734
766
796
811
858
888
919
948
954
986
995
936
895
881
851
830
897
778
751
668
686
619
641
640
844
814
778
778
825
843
856
884
934
903
954
943
933
1046
855
865
802
783
760
725
658
658
731
762
772
822
851
848
873
887
887
965
914
896
855
818
792
765
725
729
686
779
807
838
868
899
919
883
915
854
833
804
774
727
727
765
807
859
878
955
