1052
1080
932
942
943
1008
1008
946
961
887
842
881
973
990
1002
1106
900
911
913
1033
977
935
945
887
825
824
768
770
925
881
927
949
966
843
1125
869
873
885
898
901
908
929
768
768
790
768
840
734
734
972
942
912
880
858
835
794
794
794
840
843
759
755
855
855
873
768
766
758
808
837
860
716
722
725
1003
917
881
880
858
836
813
770
784
794
776
755
693
755
786
839
822
822
691
727
691
674
679
683
689
694
699
1033
1002
917
881
858
836
814
791
769
755
760
749
731
713
756
786
816
846
769
737
709
682
639
601
651
657
662
666
813
1184
1161
1106
917
881
592
592
598
791
668
747
693
736
690
704
688
667
646
852
875
768
764
677
671
637
601
619
625
594
605
655
780
815
1226
1226
1226
1226
475
490
490
490
591
620
598
681
693
709
690
681
661
643
622
865
883
914
781
807
638
601
594
577
594
612
655
726
750
763
763
1258
1258
1258
649
474
474
474
490
568
612
598
649
667
686
678
657
637
616
598
578
939
941
781
829
851
490
549
558
626
650
675
689
735
763
763
1291
1291
1291
1291
474
474
474
474
490
490
589
604
626
490
490
490
634
613
592
571
554
533
976
986
896
877
490
518
527
633
665
684
707
756
803
816
847
1324
1324
1324
1324
656
474
474
474
474
474
523
559
581
484
486
490
490
490
589
568
547
527
509
1007
1012
922
944
477
486
497
507
720
728
684
852
838
803
803
877
1389
1358
1356
667
656
538
474
474
474
490
480
460
384
461
484
490
490
490
565
544
464
503
482
465
383
423
435
446
456
468
476
751
759
767
879
862
803
776
816
1358
1358
1358
699
672
656
640
474
474
492
462
457
436
384
439
461
517
537
537
537
621
701
464
487
438
420
352
396
414
426
853
451
783
791
804
765
822
785
776
792
827
722
722
722
714
687
656
627
559
536
507
438
417
412
384
417
599
577
537
586
611
665
420
442
435
414
393
352
373
384
396
834
794
747
750
756
803
834
822
747
759
795
767
761
722
722
722
664
583
583
581
541
572
634
368
368
367
344
622
278
308
331
353
338
397
309
288
288
368
349
316
355
796
808
729
729
726
720
715
682
703
719
735
752
860
787
761
761
718
709
680
650
617
575
555
595
614
368
349
323
323
302
278
211
309
331
328
307
286
265
256
276
291
320
315
765
758
750
708
699
688
668
603
674
693
708
849
891
839
808
761
748
716
687
659
572
551
531
462
489
402
362
305
284
278
258
211
286
309
305
283
262
241
170
247
254
279
364
734
726
708
569
569
665
644
630
648
603
802
847
849
841
790
785
760
723
696
568
548
527
507
486
493
407
332
325
258
239
234
211
264
174
153
136
239
218
170
215
233
250
335
409
691
660
569
569
536
587
605
603
647
790
829
858
919
887
839
839
736
715
681
660
523
441
441
441
451
383
374
320
237
194
198
191
170
150
67
117
136
156
176
188
206
436
388
371
454
645
617
569
567
560
576
650
671
757
727
824
852
833
778
778
800
732
711
671
636
584
441
441
379
418
397
354
278
256
234
171
150
146
126
42
136
129
131
145
183
209
228
420
371
427
406
385
396
517
528
577
578
695
727
762
793
795
833
803
740
791
708
687
666
626
584
571
435
379
379
373
352
301
278
256
83
126
106
102
67
42
84
100
120
212
233
253
363
341
342
364
490
431
490
523
563
535
704
739
760
836
865
833
803
772
759
709
679
626
603
581
547
527
379
316
316
316
309
288
99
83
83
99
61
35
21
49
49
95
114
257
277
298
295
319
421
513
535
453
535
517
538
580
762
783
795
824
833
802
772
755
710
680
626
626
652
537
503
434
412
389
367
285
264
244
99
24
24
24
15
11
55
83
113
143
174
204
322
356
388
421
457
557
567
520
541
562
582
780
780
827
848
833
740
740
787
757
726
696
672
711
689
492
431
434
411
470
485
240
220
122
24
56
55
17
33
64
66
132
143
178
209
312
278
299
459
485
592
602
623
565
585
606
627
780
851
872
833
745
782
820
756
672
672
692
632
689
741
447
387
425
449
237
216
178
175
116
100
76
53
57
77
95
130
136
237
268
290
302
323
344
487
524
633
647
668
609
630
651
672
867
922
809
807
745
774
716
659
632
659
632
698
765
424
404
369
375
401
435
185
147
144
120
230
181
140
101
122
155
176
223
245
268
290
347
368
370
439
458
702
696
712
654
1057
1026
996
957
838
813
777
750
716
685
655
627
668
698
729
737
351
359
325
257
229
213
187
152
194
232
183
151
152
146
174
188
177
188
188
350
370
370
412
432
458
693
728
735
756
699
1027
997
967
845
809
782
810
853
594
581
620
650
683
394
366
330
293
283
256
679
649
623
218
239
202
225
227
205
177
177
177
177
188
245
370
370
436
456
477
735
755
759
780
801
740
1165
877
794
815
617
587
536
561
492
456
434
405
388
352
305
299
272
395
416
601
578
248
283
272
250
237
177
177
177
177
177
188
370
439
459
480
501
766
775
711
803
717
849
1189
713
683
652
621
591
561
531
524
494
450
421
392
365
305
351
358
358
436
458
525
540
305
304
281
259
177
177
177
177
177
177
370
463
483
504
525
546
566
649
671
676
869
890
742
711
681
637
607
576
546
517
488
481
432
403
375
305
305
366
406
427
480
502
353
348
326
366
282
366
237
177
177
177
370
370
487
507
528
549
570
590
627
714
732
912
914
702
671
642
611
583
553
460
497
514
443
414
386
366
366
366
439
440
427
405
392
403
399
394
415
436
457
463
463
463
463
490
511
632
552
632
632
597
635
655
753
762
797
767
713
705
675
644
614
549
546
596
627
657
688
715
749
779
452
444
437
461
548
397
418
439
460
463
463
463
463
463
701
701
701
700
677
632
673
658
679
684
684
767
713
706
675
645
614
559
579
579
627
677
688
715
749
779
819
452
483
504
522
573
512
497
463
504
524
528
528
528
701
701
743
721
700
632
728
722
684
723
713
765
765
675
645
559
612
612
559
627
710
683
768
742
838
843
878
513
510
563
559
540
538
507
538
547
528
589
528
607
747
747
775
720
728
760
743
726
747
797
798
798
645
645
645
645
645
735
743
766
800
823
863
863
854
833
558
571
592
593
605
582
528
571
592
607
607
607
747
747
798
819
816
794
778
779
830
830
677
677
677
677
677
735
776
776
816
847
886
863
830
809
788
603
616
637
627
604
682
638
607
637
607
677
677
747
868
872
849
836
836
863
863
710
710
710
710
710
759
808
849
879
910
935
935
805
711
765
744
647
651
649
719
698
647
668
661
677
677
677
744
868
868
887
906
836
891
861
743
743
743
743
843
841
861
891
922
957
904
874
843
711
711
711
692
704
725
706
692
732
709
705
726
747
768
779
890
921
931
830
800
782
812
843
873
904
934
964
935
904
874
843
813
783
755
771
735
731
770
776
754
731
728
749
770
779
779
779
776
807
776
843
907
874
909
929
960
905
874
844
788
755
788
771
813
781
794
797
928
906
853
804
779
815
779
840
840
940
940
939
874
964
993
1021
1051
1082
1112
839
820
820
838
858
805
838
846
846
856
844
870
839
972
972
972
972
997
1025
997
1025
1081
839
824
852
824
824
882
903
870
882
903
893
871
1005
1005
1086
1058
1062
1031
1001
970
884
884
885
824
906
941
941
914
927
1093
1062
1032
1001
971
940
917
911
911
964
964
