1170
1201
1231
1126
1096
1065
1027
1042
1080
1110
1128
1108
1103
1117
1130
895
897
899
1096
999
1004
1010
1080
1110
1128
819
824
829
1003
1003
1079
1074
1049
1100
863
864
866
868
966
972
978
984
1110
782
787
792
797
802
1724
1011
1011
1003
1003
1032
1046
1090
1120
1151
832
833
788
934
940
915
737
737
750
684
760
765
770
1781
1783
1724
1091
1061
1030
1041
1003
1003
890
864
833
769
788
769
769
902
908
867
737
737
737
684
728
733
684
1814
1815
1817
1818
1101
1070
1038
1009
984
954
927
890
861
830
800
768
798
828
859
889
919
950
737
734
691
684
684
1912
1885
1848
1849
1851
1560
1100
1071
1043
1006
944
971
936
932
946
889
721
721
726
738
764
831
861
867
921
950
663
663
690
664
642
1926
1883
1866
1856
1851
1851
793
822
1016
986
956
926
1003
973
893
889
903
916
721
721
713
708
684
661
638
615
592
556
658
687
663
663
633
639
642
1881
1866
1864
740
770
800
829
859
1009
980
950
920
875
862
864
860
874
887
711
710
709
686
663
640
617
540
571
625
648
678
709
595
601
553
628
657
687
717
747
777
807
836
866
928
833
833
833
766
767
829
817
831
844
858
710
710
688
665
642
619
596
572
580
607
564
563
525
547
553
605
635
665
694
724
754
784
814
844
873
903
952
922
892
862
832
766
766
793
788
801
815
828
710
690
667
644
621
597
574
540
532
512
482
491
501
510
582
612
642
672
701
731
761
791
821
851
880
908
908
830
914
884
831
824
794
745
728
728
728
728
728
728
644
644
644
644
621
593
521
505
486
456
462
469
479
488
553
649
679
708
738
768
798
828
858
887
908
908
846
823
797
774
742
768
768
776
716
728
728
728
728
805
732
644
686
666
634
515
498
479
460
433
433
433
369
369
407
656
686
715
745
775
805
835
865
894
908
953
983
834
805
779
755
713
727
741
673
687
712
712
712
742
778
813
733
711
691
644
490
472
453
440
415
369
398
369
369
369
369
693
722
752
782
812
842
872
953
908
908
989
848
812
786
761
736
711
698
711
644
658
696
674
638
733
765
796
755
733
644
644
290
290
304
322
340
358
369
369
369
369
369
369
385
759
789
819
998
991
985
930
908
995
944
707
609
766
741
717
692
669
601
615
628
664
638
695
724
754
781
804
277
268
198
198
287
290
296
314
332
350
369
369
209
209
369
319
319
385
1036
1030
1023
1016
1010
930
932
939
700
670
595
556
556
626
639
572
586
601
627
638
686
344
349
277
277
207
198
198
198
280
280
280
275
255
248
209
209
209
310
314
346
346
385
1064
1062
1055
1048
966
943
842
906
694
664
595
556
556
578
529
507
558
584
399
386
409
344
351
321
277
265
198
198
198
198
278
268
244
237
237
237
209
296
311
385
385
346
346
1064
1064
983
983
958
930
868
821
707
677
647
618
598
568
509
490
463
429
442
415
371
360
325
304
274
239
221
222
213
243
265
308
199
204
218
209
209
282
309
319
385
346
385
346
385
983
983
974
944
916
886
842
849
700
1071
673
718
553
546
507
482
453
423
393
363
333
305
305
243
213
238
206
164
164
223
265
265
150
174
196
237
267
295
318
320
383
385
385
385
442
430
983
958
930
907
842
842
816
1025
1048
1621
553
553
580
545
476
446
416
386
356
326
285
266
236
207
177
118
142
91
60
67
67
23
125
164
110
281
309
332
342
346
383
414
440
430
430
430
944
923
768
773
779
785
1555
1580
953
635
581
618
575
526
496
466
436
349
319
289
239
233
203
173
143
113
84
53
16
19
23
77
132
109
109
357
364
306
306
391
420
467
430
430
452
482
512
736
741
747
807
944
944
982
953
658
615
584
542
513
483
430
400
370
340
286
260
336
166
136
106
76
46
15
15
36
70
110
109
161
161
221
282
240
240
425
430
430
429
368
489
518
548
648
715
775
921
942
915
919
689
647
615
578
545
519
447
417
387
357
327
293
341
363
333
303
276
39
8
39
45
78
117
146
169
197
227
240
287
317
347
401
368
368
466
495
525
555
612
683
743
916
904
899
887
720
678
624
593
561
512
476
453
423
392
348
694
664
635
327
297
259
234
205
161
112
89
117
117
169
212
242
272
302
332
362
383
413
443
472
502
532
562
606
651
682
900
872
828
760
718
709
651
587
566
534
520
455
437
407
379
713
678
629
589
553
307
277
248
161
123
175
125
113
169
169
169
279
309
339
368
398
428
458
488
518
539
569
604
619
658
910
816
816
803
749
657
633
627
620
576
553
525
495
417
699
643
613
594
550
515
300
476
240
211
172
207
202
125
169
169
169
285
315
345
375
405
435
465
495
525
555
587
604
644
733
932
831
822
779
743
638
655
665
573
528
550
487
443
667
569
553
590
589
498
457
425
418
381
207
239
234
228
443
451
456
292
322
352
381
411
441
471
501
531
557
557
636
665
932
862
808
810
843
719
717
638
623
574
564
534
480
633
603
573
553
450
466
406
393
399
354
239
271
288
414
441
456
470
477
328
358
388
418
448
478
508
538
557
636
679
703
965
880
850
817
843
719
767
638
574
609
557
495
495
639
589
602
521
450
436
406
370
340
323
271
288
378
400
429
477
477
477
477
365
395
424
454
484
514
569
723
717
711
749
933
924
881
848
827
800
746
726
694
643
635
550
544
635
605
578
549
491
430
400
370
340
295
315
332
358
372
335
477
477
477
477
371
401
431
461
491
521
736
736
736
785
799
921
913
880
869
834
779
720
714
658
628
599
696
666
623
564
530
507
546
576
605
346
340
347
301
301
335
335
477
477
477
477
477
408
437
467
736
736
736
736
780
818
953
944
923
879
845
789
760
736
703
673
614
732
702
621
598
560
571
600
630
639
378
372
380
301
301
301
301
335
477
477
477
477
477
477
736
736
736
824
818
813
850
976
888
860
829
804
760
731
702
672
632
751
724
679
635
592
575
637
632
656
410
404
412
406
335
301
301
301
335
335
335
477
477
924
946
867
861
856
850
845
1023
921
901
869
848
806
776
745
715
677
728
717
685
656
605
644
665
695
695
442
437
444
438
433
427
422
416
477
477
477
825
868
918
946
946
893
888
882
920
1062
1031
1001
984
939
908
907
960
708
841
810
782
714
698
743
678
734
732
474
481
476
470
465
556
666
697
727
757
791
827
867
912
942
947
977
920
914
1042
1012
983
952
895
877
846
816
785
755
724
694
660
632
602
572
536
499
512
490
490
556
641
671
702
732
765
795
829
866
900
937
950
980
922
1057
1057
1014
980
945
919
859
828
797
767
736
706
676
670
649
618
588
540
552
556
586
616
646
676
707
737
768
799
835
865
898
931
953
980
980
1014
1014
945
968
879
879
879
795
765
676
676
676
713
646
613
553
553
553
586
644
674
704
735
712
742
772
803
834
864
895
925
957
980
1041
1000
981
933
913
879
676
676
676
735
746
763
794
799
553
553
586
852
822
788
757
770
1060
831
860
889
934
923
977
1010
988
967
913
913
761
676
735
735
768
735
735
799
553
553
586
788
788
826
757
739
1056
1026
998
934
923
923
1011
990
913
913
768
728
735
768
735
768
735
768
553
553
566
867
863
859
854
781
770
1021
996
934
923
941
913
735
735
735
735
735
735
735
735
553
553
894
894
894
891
887
882
739
934
934
735
724
735
735
735
735
735
553
553
799
894
894
894
894
894
894
770
735
735
735
735
553
553
799
894
894
894
894
