869
839
808
778
733
730
754
762
801
997
840
996
940
968
906
737
769
751
689
699
696
696
768
716
766
795
840
851
978
951
973
929
1000
791
768
736
706
671
666
696
655
733
698
755
784
796
825
846
883
989
988
946
919
944
889
967
749
719
692
665
629
740
670
655
688
715
728
756
785
801
880
846
942
999
957
931
931
894
903
868
866
780
749
670
673
633
607
584
620
632
658
678
997
744
855
858
913
861
937
956
981
1134
938
915
888
847
833
834
897
774
683
638
633
601
546
563
590
603
934
933
961
972
811
809
945
878
906
878
887
954
1109
1094
893
899
875
915
836
814
797
865
742
698
630
591
587
522
524
574
944
920
892
918
946
780
776
978
846
846
871
920
917
952
986
1047
1081
1068
879
854
809
796
786
807
825
834
710
683
656
530
498
489
477
493
911
900
862
882
899
768
743
1010
741
824
840
885
916
944
957
957
1047
1062
1046
890
869
835
753
770
725
793
752
725
600
574
461
459
458
457
457
864
884
829
835
764
731
711
741
769
815
803
803
844
844
957
829
1047
1027
1007
995
862
838
807
775
705
703
794
670
643
575
553
428
427
425
425
424
856
856
809
798
780
731
680
710
707
783
848
859
835
765
765
829
829
993
974
965
981
954
882
1035
781
772
720
731
712
591
583
544
501
421
394
393
390
388
856
867
858
836
807
774
647
678
674
751
789
769
804
765
827
829
829
829
968
948
934
916
928
847
821
788
806
630
631
559
526
501
545
481
481
364
361
357
353
880
887
888
855
840
808
615
645
642
719
677
744
758
786
814
829
829
829
990
970
923
904
895
886
902
867
849
594
566
599
550
501
501
501
471
457
304
328
324
320
317
903
950
872
832
854
582
579
610
677
677
718
723
723
699
716
716
2163
2136
994
945
860
860
971
944
917
669
646
624
591
566
515
466
454
424
415
430
325
296
292
288
284
292
411
411
411
874
550
546
577
574
649
641
630
659
687
716
716
2177
2150
937
966
903
896
841
789
780
711
684
658
631
504
534
504
466
404
356
375
394
430
264
260
256
292
271
405
398
364
395
517
514
545
494
618
590
563
647
676
705
716
2192
2164
2137
992
965
922
885
872
809
763
728
700
577
573
515
502
409
379
361
369
327
394
441
231
227
178
284
238
301
367
324
332
423
482
512
479
548
563
608
636
665
693
716
716
716
2151
993
966
892
918
903
847
865
760
716
546
546
448
469
409
379
348
318
287
251
224
181
178
210
250
270
300
324
360
391
421
446
479
494
540
563
596
663
653
750
755
755
716
716
1021
1021
919
943
848
819
806
794
725
448
448
448
440
410
379
349
318
288
251
224
167
163
158
238
269
299
354
332
389
419
463
510
489
546
604
604
687
710
738
755
755
791
866
1076
1073
1068
993
974
866
861
841
823
735
448
448
448
409
396
366
336
317
251
224
190
135
130
288
274
293
327
368
368
468
510
509
543
713
683
653
644
690
714
752
782
791
791
875
932
1156
1143
1103
1180
1005
965
878
870
839
835
983
983
409
323
323
261
272
242
211
160
141
102
98
94
233
304
351
412
437
468
472
543
575
735
660
644
644
701
730
760
789
826
855
878
931
1159
1117
1117
1157
983
946
911
923
953
983
1013
1041
426
323
323
306
261
245
215
185
125
141
65
62
219
352
176
443
412
412
472
575
608
778
764
644
644
644
743
767
791
949
902
892
921
1159
1140
1123
1126
946
940
927
895
919
983
442
442
430
400
350
352
261
249
95
95
95
81
34
30
186
169
156
156
412
412
600
607
623
643
788
648
644
728
745
845
841
984
906
906
954
1159
1130
1093
1071
949
927
897
867
464
464
464
481
435
405
352
380
416
451
140
140
131
134
2
1
5
145
147
148
149
443
618
644
646
654
654
749
777
806
878
877
1023
1021
906
906
906
1273
1053
1056
999
963
923
893
863
769
464
464
514
440
352
380
418
423
483
140
140
178
166
30
34
86
120
118
118
118
730
717
676
678
703
732
760
789
817
869
910
995
985
985
940
906
1337
1022
1025
1002
967
919
889
852
769
769
728
727
726
440
445
450
455
515
520
140
204
197
63
65
87
118
118
118
120
741
736
718
993
1040
1079
1051
800
829
860
898
962
977
985
985
985
1008
991
994
1002
1000
831
803
818
758
762
696
695
693
472
477
482
488
548
551
204
197
230
94
92
115
118
118
118
178
694
697
700
969
989
1068
1039
1011
982
955
915
947
939
939
985
939
951
954
887
856
826
827
797
771
726
729
645
662
661
530
479
499
499
499
551
197
259
261
297
130
146
155
118
118
155
673
668
657
897
874
852
914
1000
971
915
933
980
939
939
939
939
913
883
853
822
792
762
734
676
697
599
629
581
530
479
479
426
426
367
367
341
333
331
162
166
215
155
155
155
663
652
633
611
852
835
827
914
914
962
1015
1012
1009
939
939
977
1020
849
819
789
734
728
698
668
637
599
577
530
517
479
457
426
367
367
337
285
285
195
173
234
215
215
368
399
429
602
583
829
823
942
891
888
884
977
1045
1041
1038
939
966
1024
969
815
785
788
785
759
649
649
635
594
550
550
506
454
423
393
363
333
302
272
228
231
277
277
342
372
402
433
463
551
795
791
920
817
855
817
945
948
892
906
906
1021
993
963
933
824
820
817
792
881
609
609
601
576
501
501
448
473
389
406
328
298
236
261
263
274
315
346
376
406
437
467
489
521
753
879
849
823
817
912
892
892
959
959
987
957
927
897
853
851
879
910
724
609
550
651
565
565
510
505
442
439
324
291
236
293
296
316
319
350
380
410
440
479
495
728
729
742
765
791
770
880
906
944
959
1065
951
890
861
885
861
876
922
724
708
677
633
618
565
546
519
475
471
468
532
532
326
328
349
349
353
384
414
444
495
543
696
696
683
744
767
807
829
843
843
959
1031
1000
970
917
909
878
848
818
788
757
633
614
585
569
484
484
484
484
509
509
359
361
382
382
382
388
418
577
576
576
663
641
683
722
816
780
870
843
843
1068
1042
939
935
905
875
844
814
784
754
723
693
663
632
602
572
542
511
450
476
392
393
414
414
414
551
582
612
599
599
631
658
701
724
781
770
1062
1071
1117
1046
1008
978
948
917
887
857
827
796
729
729
706
629
598
568
538
508
478
447
413
436
466
496
526
556
586
617
647
640
681
652
901
724
791
1001
1029
1033
1032
1007
972
922
892
862
831
801
771
729
702
671
641
611
580
549
494
464
453
461
471
470
531
561
591
621
652
678
713
851
867
867
952
994
1001
1013
1040
946
977
888
884
884
819
777
767
739
723
693
662
613
602
561
494
496
471
509
540
570
600
631
661
691
744
751
880
849
881
911
952
961
1067
1023
1009
1091
902
873
861
831
799
762
757
740
655
645
634
682
526
547
526
526
596
626
656
686
716
747
718
755
785
812
846
876
906
1042
1058
873
910
910
803
831
803
757
735
697
679
634
696
526
575
526
526
601
676
631
631
720
751
770
811
842
865
902
1018
987
941
908
878
853
1077
1107
1138
728
719
645
614
611
608
604
526
712
708
704
694
724
1286
1267
1240
846
865
986
948
978
853
896
1042
1069
1101
758
731
731
647
643
640
636
633
733
744
761
765
838
1262
1232
1204
1174
1042
929
928
1011
1057
1093
782
782
817
714
676
672
669
750
752
765
788
816
846
868
868
961
911
896
826
821
782
783
749
695
687
723
753
783
809
815
825
829
838
838
782
777
734
734
732
775
811
809
878
