757
758
758
826
817
808
820
815
801
792
773
856
724
724
724
725
725
725
786
777
788
779
770
729
751
773
784
784
827
828
823
691
692
692
692
692
692
755
746
736
748
739
706
728
750
772
784
816
838
792
793
794
795
791
659
659
659
659
659
660
724
715
705
716
707
684
706
728
750
772
784
784
784
858
758
759
760
762
763
758
626
626
626
627
627
627
599
683
674
685
667
661
683
705
727
750
835
848
862
784
943
598
598
727
728
729
730
725
594
594
594
594
594
594
599
599
643
634
644
639
661
683
705
727
864
877
891
899
916
933
844
814
598
598
598
695
696
698
693
565
563
561
559
557
556
599
599
595
603
612
616
638
660
682
704
893
904
890
875
891
906
923
1044
873
842
812
781
660
598
598
664
665
660
533
531
529
527
462
462
447
599
578
552
571
576
576
576
576
682
888
874
861
847
863
879
1002
1034
1022
871
840
810
779
749
718
598
598
632
628
506
462
497
462
462
447
447
447
509
527
573
552
552
552
552
872
858
845
831
819
835
851
973
1056
1078
900
869
839
808
778
747
717
685
598
596
566
536
505
474
479
510
503
473
447
482
501
602
616
576
691
552
664
739
756
802
791
807
930
944
1088
1096
1118
928
898
867
837
806
776
745
715
684
654
562
564
536
441
434
428
421
416
419
421
424
426
703
688
675
662
648
635
712
730
747
765
886
902
918
1118
1127
1149
1216
926
896
865
835
804
774
743
713
628
628
530
531
532
405
401
396
392
387
386
389
391
393
672
659
646
632
619
606
688
704
721
738
858
874
891
1149
1159
1175
1203
1128
1099
1069
1040
1011
982
772
742
698
697
696
497
498
499
373
368
364
359
288
354
356
359
361
643
630
616
603
590
576
664
677
693
814
830
847
863
1180
1190
1199
1208
1218
1118
1089
1060
1031
1001
972
943
914
885
729
728
464
430
430
351
288
333
288
288
321
323
273
328
369
398
587
574
501
501
635
648
771
786
801
817
832
1211
1221
1230
1239
1249
1251
1251
1230
1050
1021
992
963
933
904
875
846
761
430
453
467
436
406
302
288
314
273
273
318
347
377
407
436
545
501
501
605
618
743
758
773
788
804
1242
1252
1261
1270
1278
1287
1251
1242
1215
1187
1160
982
953
924
894
865
836
807
400
359
331
435
404
270
262
253
255
261
326
356
385
415
444
474
513
542
577
699
715
730
745
760
775
1275
1284
1293
1301
1310
1406
1251
1227
1200
1173
1145
1118
1091
1064
885
827
789
825
370
345
317
290
262
234
230
222
223
229
235
364
393
423
452
482
470
465
560
671
687
704
720
732
747
1307
1315
1324
1339
1368
1398
1355
1212
1185
1158
1131
1103
1076
1049
1022
995
789
860
404
332
304
276
248
220
199
188
191
138
116
210
401
423
429
436
442
447
627
643
660
676
575
575
720
1334
1334
1334
1363
1334
1334
1366
1339
1312
1286
1143
1116
1088
1061
1034
1007
980
914
896
437
318
291
263
235
207
179
159
138
93
93
93
93
202
397
404
410
571
595
575
575
575
575
575
697
1334
1334
1334
1394
1403
1422
1413
1350
1324
1297
1270
1243
1216
1074
1046
1019
928
928
928
481
463
305
277
249
221
194
166
138
114
93
93
93
188
216
355
372
535
554
603
575
575
575
575
575
575
1334
1334
1419
1410
1400
1391
1382
1335
1308
1281
1254
1227
1201
1174
1147
1018
1000
983
526
508
490
471
264
236
103
65
65
90
65
69
146
174
202
226
327
342
507
523
631
645
658
705
717
739
760
782
1397
1388
1378
1369
1360
1351
1281
1254
1227
1239
1212
1185
1158
1131
1105
1027
570
552
534
516
498
250
43
43
43
43
43
48
68
24
10
215
242
298
463
479
435
661
674
701
719
740
762
783
804
1273
1357
1347
1338
1329
1273
1265
1238
1212
1185
1158
1169
1143
1116
1089
1054
596
578
560
542
524
65
43
43
43
43
31
18
16
6
47
79
258
271
435
473
467
511
697
721
742
764
785
804
813
830
1273
1273
1273
1298
1273
1250
1223
1196
1169
1142
1043
1133
1060
1098
641
623
605
587
568
550
555
43
39
26
14
1
11
23
45
36
323
339
392
408
492
512
521
524
744
765
787
804
820
830
838
1273
1273
1273
1268
1298
1234
1207
1180
1154
1127
1043
1043
1125
684
654
674
647
620
593
566
540
513
486
3
15
28
40
42
60
59
296
349
364
381
531
539
544
549
767
789
810
828
838
853
862
864
1256
1247
1237
1227
1063
1192
1165
1138
1111
1043
1080
728
710
654
659
632
605
578
551
524
497
470
443
42
42
42
116
115
250
270
320
335
350
566
571
576
580
583
818
839
853
862
873
889
902
1225
1216
1206
1196
1063
1049
1024
1122
1096
1069
1054
754
737
670
643
616
590
563
536
509
482
455
428
398
63
42
143
152
222
277
292
307
322
609
605
601
597
593
853
871
882
894
907
919
926
922
1185
1175
1165
1029
1005
980
992
1010
799
781
763
655
628
601
574
547
520
493
466
439
411
384
356
158
168
181
199
249
213
213
294
576
573
569
488
488
887
899
912
926
948
922
919
912
1153
1144
1010
985
923
966
843
825
808
790
640
613
586
559
532
505
478
451
424
397
370
342
168
232
216
213
213
213
213
294
445
540
536
488
488
827
827
938
953
919
905
874
800
934
1113
990
966
941
887
870
852
834
816
624
597
570
543
516
490
463
436
411
383
356
328
301
260
264
251
269
286
300
408
438
468
488
488
488
827
827
827
900
891
883
822
822
926
955
923
970
950
914
946
922
861
873
848
824
555
511
488
441
434
432
383
379
282
323
303
282
299
213
296
312
375
401
431
461
484
488
488
684
813
806
799
859
822
800
888
918
948
995
958
951
927
902
878
853
829
804
780
755
510
487
447
434
425
385
373
348
328
329
336
309
325
340
353
390
424
641
480
484
484
676
737
774
730
827
800
851
880
910
1002
985
932
907
883
858
834
809
785
760
736
532
509
487
453
434
418
394
367
282
360
367
362
341
341
382
341
404
619
611
484
638
667
697
726
755
784
800
822
872
902
1058
1085
888
863
839
814
790
765
741
716
553
530
507
486
459
439
411
362
362
362
399
362
341
400
412
423
435
542
570
600
629
659
688
718
730
730
865
869
822
1073
1100
1127
1155
819
795
770
746
721
697
575
552
529
506
482
465
445
410
362
362
430
439
419
431
442
453
504
533
560
560
621
650
680
709
730
730
898
902
857
1115
1142
1169
1197
1223
751
726
702
677
653
573
550
527
504
478
470
451
554
452
461
470
552
522
493
466
466
524
554
560
560
642
671
701
730
759
930
934
1224
1184
1212
1239
1266
1301
660
658
633
595
572
549
526
713
623
596
570
544
516
485
485
485
466
466
466
466
466
560
560
560
560
692
722
959
963
1253
1227
1228
1254
1281
1305
683
661
638
609
593
570
692
696
639
612
586
559
485
485
485
485
466
466
466
466
466
466
466
560
560
684
987
991
995
1168
1182
1186
751
728
706
683
661
609
609
734
708
681
655
628
602
575
485
485
485
466
466
466
466
466
466
466
466
466
560
676
1020
1023
796
773
750
728
705
684
609
777
750
724
697
655
644
618
591
485
485
466
466
466
466
466
466
466
466
466
560
638
1048
795
772
750
727
808
808
793
766
740
655
655
655
634
607
485
485
466
466
466
466
466
1354
1377
1408
1400
1370
1340
794
772
883
860
835
836
824
841
729
655
655
650
623
485
485
1190
1226
1256
1280
1310
1348
1373
1403
1405
1374
905
882
808
863
852
868
886
903
921
655
949
1125
1156
1186
1220
1250
1276
1307
1342
1372
1399
882
891
907
896
913
930
947
956
1091
1121
1152
1182
1215
1245
1273
1303
1336
951
940
955
970
997
1087
1117
1148
1178
1209
1239
