1067
993
974
942
914
767
766
735
790
867
873
971
929
929
872
1099
771
976
734
704
734
703
834
743
776
743
966
852
1087
1126
1148
898
903
863
823
813
768
752
702
702
670
884
767
743
743
784
807
814
814
1248
1033
1047
1078
1105
866
865
830
787
753
718
670
643
669
637
638
711
711
712
762
785
844
871
959
941
1213
1004
985
998
1047
1076
1111
842
773
774
754
704
691
638
638
605
605
620
679
723
722
684
759
759
920
920
921
1248
1202
1046
967
988
1018
1048
818
797
740
742
639
672
639
605
605
572
573
620
640
676
706
736
759
798
883
883
927
958
1154
1136
1043
1069
1090
933
958
989
996
786
768
673
708
686
637
637
572
572
539
540
597
600
640
684
736
760
760
855
855
855
970
957
933
1094
1092
1005
1025
955
927
904
1058
1019
1042
753
718
682
673
629
584
569
520
540
507
507
547
547
547
684
712
712
751
808
808
853
884
923
958
988
1053
968
981
1000
891
891
872
834
730
726
722
718
640
640
630
584
569
525
509
474
509
547
547
547
561
694
694
751
790
790
854
884
879
828
879
979
1021
944
948
894
855
846
834
834
883
1240
1209
660
574
608
580
543
534
535
537
441
617
594
561
561
561
596
662
662
757
757
784
814
828
828
900
900
1005
979
988
907
907
894
862
815
789
732
732
686
637
639
609
579
569
538
514
502
409
409
636
615
597
553
584
615
636
680
724
724
783
814
828
849
900
900
900
970
870
956
881
872
835
804
755
773
687
687
642
622
623
545
544
508
445
492
470
371
377
669
645
470
520
636
636
544
626
692
691
624
877
869
940
923
891
937
944
859
861
898
857
839
808
768
747
717
675
656
626
580
577
546
508
474
444
388
388
342
333
340
340
424
480
519
495
545
576
659
659
624
695
940
910
881
858
848
1156
838
838
821
791
751
730
700
651
639
608
570
547
498
486
456
418
395
351
334
294
408
260
305
331
361
392
403
453
516
547
577
589
624
667
697
727
740
789
811
850
851
925
901
870
854
790
778
728
697
677
638
607
570
546
498
486
455
418
394
338
333
294
264
242
247
302
333
363
393
424
454
484
515
545
575
606
636
666
696
711
748
789
819
849
958
904
904
871
871
808
758
716
700
682
661
621
486
465
461
491
373
305
306
306
227
213
214
226
275
305
336
366
408
408
474
498
543
541
606
652
680
689
702
748
790
821
852
991
947
937
959
1049
844
844
749
735
697
700
654
465
404
404
444
323
299
273
203
168
180
190
195
195
188
338
383
385
387
389
391
511
508
505
607
630
630
635
742
772
803
830
1006
937
938
968
1007
879
791
777
757
726
698
434
428
398
358
303
299
259
234
203
200
139
165
172
142
142
179
291
352
354
291
352
476
478
481
602
603
604
605
626
774
827
875
1042
1042
904
905
1004
890
911
815
840
870
777
799
806
464
344
329
279
333
303
197
160
113
114
126
110
110
135
172
291
320
291
291
352
443
446
448
435
570
571
572
574
624
783
783
783
1167
1010
872
872
873
890
850
698
656
656
541
528
474
597
319
303
254
229
189
168
132
80
82
94
95
96
122
136
155
287
311
352
306
419
405
345
389
538
461
461
461
566
585
660
764
1138
965
830
830
865
819
832
869
628
628
656
692
565
564
296
271
238
247
154
137
102
59
49
61
51
65
116
136
125
254
256
306
306
306
375
375
428
457
461
449
566
566
550
687
732
1004
946
793
793
776
790
803
598
598
598
581
656
464
531
268
240
200
180
149
119
84
58
23
29
166
140
107
136
125
222
187
290
256
331
360
387
390
473
449
505
566
585
550
660
671
1034
926
775
776
706
760
774
809
573
562
511
454
434
499
268
268
236
179
176
149
113
47
15
1
33
63
92
122
153
183
213
244
256
292
335
348
390
440
455
485
516
569
550
607
638
1075
884
742
744
706
731
775
809
511
531
454
454
393
434
478
502
287
270
202
350
152
34
33
31
72
127
114
124
198
217
214
271
275
306
372
348
420
399
467
488
525
548
567
608
638
1102
848
699
692
671
742
766
567
575
500
487
449
393
425
337
308
258
251
346
152
131
94
63
61
83
128
156
169
219
232
268
301
301
341
402
422
451
471
485
509
544
570
592
782
639
796
815
699
659
645
780
798
827
536
490
461
436
371
337
307
277
247
218
188
159
158
134
97
97
178
145
177
169
223
247
284
314
347
397
429
429
482
487
534
564
595
651
636
775
731
821
808
767
745
618
598
559
524
485
463
433
402
360
337
314
301
284
260
224
195
177
144
130
129
128
177
219
249
327
305
356
381
416
416
478
456
491
530
556
582
620
672
711
719
764
803
745
788
797
586
555
511
473
468
408
360
360
352
387
516
270
260
479
227
227
124
163
150
174
208
250
281
311
341
371
413
436
436
476
515
536
534
556
601
654
654
698
729
878
799
799
836
888
860
558
557
473
408
501
478
448
419
484
519
392
447
260
260
185
185
204
230
261
292
322
351
380
421
439
478
508
538
567
568
567
581
601
688
688
856
856
945
902
878
867
873
846
819
803
766
505
533
490
461
483
444
423
380
362
332
304
229
228
237
232
300
300
324
361
390
408
448
479
509
539
587
591
635
665
695
798
787
824
867
989
958
931
976
949
921
792
778
751
724
566
490
470
470
470
380
390
361
330
300
250
250
258
295
322
335
380
411
447
431
459
486
502
542
574
603
636
667
688
744
783
816
823
931
972
930
963
908
878
836
736
709
599
654
505
505
495
467
428
428
389
353
294
277
277
326
355
386
417
446
473
480
536
545
546
560
605
581
638
668
688
726
756
786
1005
1004
997
995
896
918
857
810
785
755
623
595
547
570
526
454
471
383
364
327
324
319
455
424
403
452
484
503
540
540
568
568
762
635
659
689
726
735
767
787
805
1037
1029
1028
947
896
875
848
769
743
716
672
574
517
517
487
456
414
384
362
336
363
398
428
443
489
519
526
553
628
594
702
670
731
671
709
737
768
784
819
1069
971
970
939
896
863
863
818
728
684
701
647
618
587
556
520
545
384
386
390
391
416
463
494
524
555
573
616
646
641
670
702
733
754
794
824
835
884
915
971
994
937
906
876
845
815
785
741
733
640
614
559
510
510
543
513
476
524
590
567
617
648
678
708
735
769
801
798
816
810
735
754
796
827
835
887
1027
935
911
909
947
846
868
733
766
717
610
559
510
737
743
668
545
545
616
567
567
567
680
711
756
772
807
776
803
780
832
869
886
924
961
1060
911
961
961
1018
1016
789
789
797
798
828
859
889
918
634
636
578
578
668
746
746
810
840
756
756
847
848
829
832
973
860
854
892
924
942
1085
1073
985
1102
983
972
789
830
811
853
882
891
689
687
649
604
604
720
746
781
811
842
872
902
930
845
863
864
909
868
882
890
1175
1027
996
982
991
907
845
855
917
915
722
694
719
604
641
641
694
694
746
813
844
879
908
937
885
874
898
916
910
881
994
943
934
903
870
896
882
851
822
792
761
731
674
674
766
766
765
815
1074
1061
1030
938
932
928
920
958
943
991
989
887
910
870
847
880
835
796
770
705
686
706
798
798
798
974
1084
1057
1026
983
957
957
962
1001
959
942
941
867
912
835
770
736
737
738
739
831
831
974
974
1117
1114
957
957
997
990
974
947
945
944
770
753
1167
771
771
864
932
972
974
1149
1147
1017
1017
1002
1002
1002
1134
804
803
877
935
960
1148
1185
