2437
2467
2497
2526
2556
2583
2613
2647
2678
2700
890
2337
2367
2397
2430
2459
2489
2519
2548
2578
2609
2639
951
920
890
872
1004
1023
2276
2305
2332
2362
2392
2422
2452
734
766
795
825
856
982
952
921
890
860
964
947
930
845
2207
2235
2266
2295
870
856
826
796
767
723
710
697
819
855
983
953
922
828
833
937
920
845
845
928
956
2167
1013
980
950
923
892
863
833
804
707
694
681
668
655
642
984
954
816
809
793
780
893
845
887
915
943
971
1079
1051
1020
991
964
937
870
916
930
811
677
664
651
638
625
612
599
586
797
776
763
750
737
845
874
902
930
958
986
1148
1120
1091
1063
1023
1003
978
951
913
945
959
973
648
635
622
609
596
583
570
557
759
746
733
720
707
824
806
789
771
754
728
709
692
1189
1161
1134
1103
1074
1023
1008
986
870
959
974
983
983
983
605
592
579
566
553
540
527
514
717
704
691
678
665
779
762
741
722
703
576
576
708
1203
1175
1148
1114
1086
1023
1014
998
870
983
983
983
983
983
434
434
550
537
524
511
498
490
687
674
661
648
635
622
735
716
697
677
576
576
696
1245
1217
1189
1162
1134
1098
1023
1022
870
870
983
983
983
452
434
434
434
434
507
494
490
490
400
490
645
632
619
605
592
710
691
671
576
576
655
683
712
1060
1042
1025
1008
991
974
956
906
516
516
516
516
516
452
516
452
434
434
434
465
482
401
386
331
331
617
604
590
576
563
549
665
646
627
576
643
671
699
726
1033
1015
998
981
964
947
902
516
516
434
434
434
516
516
516
516
497
471
416
402
331
331
331
269
269
363
575
561
547
533
460
460
621
601
602
630
659
687
755
1023
1006
988
971
954
937
899
885
516
516
434
434
516
516
516
516
516
514
402
388
373
331
331
331
269
269
269
375
395
423
504
460
507
535
545
576
576
646
675
703
798
1305
979
961
944
916
895
885
885
885
516
434
434
516
516
516
516
516
516
331
331
331
331
316
302
186
269
269
359
382
410
438
460
494
522
579
620
637
634
662
690
827
1312
1331
952
934
913
892
885
883
871
818
516
274
434
516
516
516
516
516
331
331
331
316
302
287
273
264
269
269
343
370
397
425
453
460
460
606
624
665
684
698
715
855
870
1343
1362
1377
909
889
879
866
831
812
807
798
293
268
243
218
516
360
331
98
98
302
288
273
259
186
186
269
301
327
354
384
412
440
460
496
631
650
668
709
726
742
883
883
1376
1391
1406
1421
861
843
824
807
801
785
758
310
286
98
98
98
98
98
98
98
98
98
164
230
186
232
258
276
276
276
365
399
426
454
460
656
670
695
710
751
764
778
883
1405
1417
1411
1390
1370
818
803
788
766
749
731
329
305
98
98
98
98
98
98
98
98
98
98
164
189
215
297
307
276
276
276
276
307
441
460
670
670
723
739
780
796
812
827
1455
1165
1407
1386
1366
1346
790
774
756
739
722
704
348
323
299
274
249
224
98
98
98
98
98
121
150
144
139
342
353
307
363
334
307
400
670
670
670
735
748
766
783
824
840
855
871
1155
1138
1121
1155
1342
1314
1298
747
729
712
695
678
366
341
317
292
267
242
217
192
167
142
91
79
118
112
390
368
385
1252
1238
1223
956
956
956
930
903
877
850
824
793
852
868
883
909
1128
1111
1094
1135
1159
1183
1207
1255
703
685
668
651
385
360
336
311
286
261
236
211
186
161
67
1
41
79
418
416
417
1224
1209
1051
956
956
956
946
920
893
867
793
836
853
896
915
934
1100
1084
1067
1114
1139
1163
1187
1211
1229
658
641
624
404
379
354
330
305
280
255
230
205
53
5
19
5
48
45
441
449
428
1181
1068
1041
1015
988
956
936
909
883
793
793
880
898
941
960
1073
1056
1070
1094
1119
1143
1167
1191
1274
631
614
597
580
398
373
348
324
299
274
249
224
47
15
15
47
19
19
488
477
486
1152
1138
1057
1031
1005
956
952
926
899
1064
1034
902
923
942
985
1046
963
1010
1074
1098
1123
1147
1171
1301
1317
587
570
442
417
392
367
342
317
292
267
242
57
36
36
30
23
19
501
485
489
487
1109
1074
1047
1021
1190
1161
1131
1101
1071
1041
1011
981
970
1011
1018
963
1030
1054
1078
1102
1127
1151
1326
1344
1358
543
461
436
411
386
361
336
311
286
102
80
66
43
43
23
19
501
485
492
489
1101
1137
1257
1227
1197
1167
1137
1107
1077
1047
950
950
1010
1036
991
986
1010
1034
1058
1082
632
606
581
556
486
486
480
455
430
405
380
355
330
43
126
108
72
43
43
39
19
19
485
499
1101
1101
1165
1146
1233
1203
1173
1143
1113
1083
1053
1079
1056
1040
1026
983
947
930
912
894
675
650
625
599
574
549
523
486
516
449
424
399
374
349
171
152
138
72
23
43
23
19
19
39
507
1101
1101
1193
1208
1224
1209
1179
1149
1119
1167
1137
1108
1084
1067
1061
936
903
885
867
694
668
643
618
592
567
542
486
543
560
443
418
393
368
197
181
170
72
19
19
19
17
39
39
511
1101
1146
1221
1236
1252
1291
1263
1236
1209
1182
1155
1128
1105
4952
909
877
859
735
697
686
661
636
610
585
560
486
571
587
604
621
638
655
362
211
201
19
19
19
19
9
39
509
485
1101
1146
1249
1264
1280
1295
1278
1251
1224
1197
1170
5018
4990
4945
859
859
832
814
697
697
679
654
629
603
578
583
598
615
632
648
665
682
699
716
43
229
229
19
23
43
39
1146
1146
1246
1261
1327
1327
1308
1324
1293
1266
1239
5087
5059
5031
4940
4920
915
839
821
788
747
697
732
672
647
622
963
970
625
642
659
676
693
710
729
746
766
43
23
23
43
1256
1281
1306
1331
1356
1381
1305
1387
1362
1327
1308
5156
5129
5100
5072
5044
4916
4896
788
788
798
802
740
760
776
793
809
942
966
970
669
686
703
720
738
757
775
793
811
43
846
1212
1237
1262
1287
1312
1337
1363
1388
1413
1379
5225
5197
5171
5144
5113
5085
5057
4891
788
788
825
828
846
787
804
820
898
922
946
970
696
713
730
747
765
783
801
819
837
855
873
1193
1218
1243
1269
1294
1319
1344
1369
1394
5265
5265
5211
5183
5159
5132
5098
4887
4867
833
851
869
872
884
831
848
863
852
926
950
1057
739
756
774
792
810
828
845
863
881
1144
1170
1200
1225
1250
1275
1300
1325
1391
1429
1456
5305
5265
5242
5222
5202
4895
4862
983
953
924
913
916
852
852
890
852
932
1047
1057
764
782
800
818
836
854
872
890
908
1127
1153
1179
1206
1231
1256
1323
1347
1371
1461
1481
1499
5238
5217
5197
5177
5157
4892
963
893
893
940
960
901
917
936
1003
1027
1051
1057
809
827
845
862
880
898
916
1089
1110
1136
1162
1188
1213
1279
1303
1327
1351
1486
1509
1525
1545
5193
5173
5153
5133
893
893
982
1000
1004
941
961
964
964
1021
1055
1169
1169
871
889
907
925
948
1069
1094
1119
1145
1208
1235
1259
1249
1249
1331
1515
1525
1549
1559
1589
5148
5128
893
940
940
1027
1031
1049
964
1005
1025
1092
1103
1156
1169
897
915
933
952
968
1050
1075
1138
1166
1193
1220
1297
1314
1287
1347
1481
1505
1530
1559
1614
5124
5104
1017
1035
1053
1071
1075
1079
1030
1050
1086
1113
1155
1197
1204
1204
1374
978
991
1033
1096
1123
1151
1178
1205
1324
1341
1358
1437
1461
1486
1559
1559
1640
1659
1145
1122
1115
1119
1099
1052
1052
1129
1150
1198
1233
1234
1344
991
1021
1028
1028
1028
1136
1163
1190
1351
1368
1393
1401
1386
1466
1491
1515
1168
1177
1159
1162
1132
1198
1110
1154
1208
1244
1286
1101
1076
1034
1066
1028
1086
1028
1028
1176
1379
1386
1411
1428
1386
1462
1386
1195
1151
1189
1207
1225
1242
1187
1216
1246
1144
1119
1091
1034
1093
1105
1105
1105
1028
1105
1386
1386
1438
1455
1472
1489
1230
1233
1265
1302
1329
1213
1188
1163
1138
1183
1158
1134
1110
1105
1105
1105
1105
1386
1386
1386
1482
1277
1295
1256
1232
1207
1182
1227
1202
1178
1155
1131
1107
1105
1105
1105
1386
1386
1253
1226
1263
1246
1221
1197
1172
1151
1127
1105
1034
