10906
883
883
883
883
883
883
988
1017
1024
1024
10614
840
867
895
883
883
883
883
883
883
976
1004
1024
1024
979
979
979
10576
781
707
707
853
881
883
883
883
883
883
883
964
992
1020
1024
979
979
1003
1009
1043
10576
10576
707
707
707
707
707
867
895
883
883
883
883
883
952
980
1008
1037
1066
961
945
942
1031
965
995
10576
707
707
707
707
707
707
826
853
881
909
883
883
883
912
939
968
963
956
930
876
913
905
934
964
995
981
10576
714
707
707
707
707
707
707
812
840
867
895
922
924
897
870
892
922
951
964
902
858
861
903
934
964
995
1020
989
10742
825
777
707
707
707
707
707
707
779
798
826
853
881
909
775
810
827
868
887
917
947
895
808
808
808
892
924
954
950
949
949
999
10771
825
777
777
707
707
707
707
707
707
707
784
812
839
745
773
762
790
792
792
827
910
943
778
778
778
778
778
924
918
917
917
916
916
999
825
825
825
777
707
777
707
707
707
707
743
769
678
704
693
722
750
760
765
758
723
753
746
746
746
746
746
672
746
801
828
884
884
807
883
825
825
825
825
825
777
777
777
777
707
707
654
642
615
651
680
708
821
715
727
719
679
753
713
672
713
713
672
672
771
802
807
851
851
1144
1129
1100
874
825
825
825
825
825
825
825
777
777
737
711
646
584
584
584
584
695
694
692
666
679
722
753
752
722
691
672
711
741
772
802
828
807
807
856
887
917
948
785
785
876
825
825
825
825
825
848
780
715
689
552
552
552
552
420
420
647
650
644
651
647
753
752
722
649
649
649
742
772
803
828
787
788
856
887
917
948
785
785
785
874
877
894
915
869
815
804
759
733
519
519
519
519
420
420
420
420
630
611
623
597
628
635
616
616
617
617
617
773
755
755
755
755
755
886
917
845
860
845
845
785
850
867
878
900
737
676
718
586
555
486
448
486
486
420
420
420
420
587
578
586
539
628
569
545
564
584
536
522
455
722
722
722
722
722
691
714
817
832
845
845
845
785
785
843
856
697
694
647
616
586
555
525
494
448
448
453
420
445
475
506
536
567
597
628
625
595
564
538
522
503
455
491
565
689
690
690
716
716
788
803
823
689
845
845
845
785
814
745
720
652
647
616
586
555
525
423
423
464
435
402
376
345
315
564
574
617
658
634
605
545
517
497
455
455
539
565
657
657
609
716
716
760
780
830
689
845
845
845
785
785
764
743
652
647
616
586
555
390
390
390
390
521
402
217
282
282
591
595
587
316
630
369
510
478
455
463
509
539
565
591
609
661
692
717
732
751
800
689
748
845
845
885
809
787
684
652
647
616
586
357
357
357
358
358
529
560
165
235
256
217
274
274
305
346
374
400
437
435
439
509
540
565
591
609
661
692
685
702
759
770
689
689
706
834
845
861
845
810
788
652
647
356
297
297
325
325
325
325
325
590
165
209
209
209
260
271
254
271
271
410
383
405
383
509
663
633
591
591
589
647
659
679
729
741
752
689
689
706
732
815
816
818
845
427
418
336
297
297
297
267
292
292
292
152
152
150
133
124
71
227
218
240
269
239
329
361
383
383
673
673
633
591
564
564
617
635
687
699
711
722
689
689
748
732
783
791
510
427
356
356
336
297
297
210
208
208
260
260
152
102
102
102
73
44
44
185
197
226
243
326
326
263
326
356
673
411
411
477
564
587
595
657
669
681
692
690
690
689
732
732
540
510
427
427
418
336
336
297
297
268
208
227
227
145
102
124
88
55
33
48
143
152
236
250
263
294
268
268
356
386
411
411
476
546
563
589
629
644
655
662
740
657
624
601
571
540
510
479
427
418
388
336
297
297
268
208
209
170
145
115
70
54
15
12
71
111
125
169
187
233
269
268
325
355
386
411
431
476
504
510
586
543
616
543
543
706
676
645
615
584
553
523
492
462
452
473
441
413
383
352
322
291
260
230
199
168
155
107
77
94
125
155
187
199
247
273
304
315
365
379
421
441
476
530
542
543
543
543
543
543
705
675
606
610
584
553
523
441
441
441
484
422
378
378
352
267
267
260
180
180
205
134
115
111
81
81
156
157
199
246
278
304
341
418
419
456
421
516
560
510
510
543
543
543
543
705
674
606
660
661
553
523
441
441
526
517
517
378
378
352
267
267
261
180
180
134
102
137
102
89
89
106
157
194
291
315
291
372
449
451
475
471
602
591
522
510
510
510
543
543
797
610
693
693
693
694
523
441
558
558
550
549
549
378
267
267
267
180
180
180
115
115
115
102
94
89
106
157
278
278
278
291
341
482
484
638
591
632
621
543
522
543
510
510
543
725
725
726
726
726
727
591
591
591
582
582
581
581
580
267
267
261
180
180
115
93
102
87
87
106
106
157
173
278
278
291
372
512
518
524
622
651
634
633
522
522
543
543
857
758
758
759
759
765
734
704
624
615
614
614
695
695
695
1066
1071
1082
1082
134
115
102
87
87
106
106
157
157
278
278
315
538
544
551
666
650
651
651
640
543
543
633
4252
858
827
782
782
779
764
734
703
673
642
666
695
695
695
1062
1071
1082
1082
1134
1155
1220
137
115
102
87
156
157
171
278
278
549
560
571
582
689
679
651
651
651
645
633
4252
4252
824
782
823
823
829
813
733
650
650
679
642
642
642
695
1060
1078
1113
1137
1156
1166
1168
1220
1220
1220
1220
967
315
291
315
569
580
591
601
621
603
603
603
651
651
651
4128
4242
4252
782
855
828
828
763
721
721
721
712
712
712
695
991
1013
1038
1129
1162
1175
1178
1218
1220
1220
1220
1220
967
796
775
754
733
711
687
666
649
603
603
603
651
651
674
4128
4128
828
887
887
828
828
754
754
754
744
744
744
934
973
996
1045
1103
1160
1192
1226
1238
1220
1220
1220
1220
906
877
798
777
756
735
714
693
673
660
603
603
603
603
4097
4097
4128
910
910
910
831
787
786
786
777
777
892
922
924
967
1096
1082
1149
1135
1204
1206
1211
1211
1211
967
967
967
850
801
779
758
737
716
696
679
603
603
603
4094
4097
4097
910
910
910
948
943
819
819
810
840
863
901
945
971
997
1040
1099
1104
1136
1175
1178
1178
1178
924
924
967
864
836
804
782
761
739
718
697
603
603
665
4070
4091
4097
910
948
948
941
911
880
852
814
967
902
929
964
1095
1050
1160
1196
1251
1302
1146
1145
1145
924
924
955
880
851
826
803
784
763
742
721
603
690
4020
4046
4067
948
948
939
883
859
875
901
936
1004
1032
1064
1098
1125
1150
1221
1272
1288
1346
1113
1001
950
949
920
891
865
837
825
803
786
765
744
723
3964
3989
4020
948
948
915
859
915
908
877
877
909
1038
1049
1108
1118
1136
1221
1123
1054
1054
1053
1017
990
964
965
902
873
851
829
824
803
789
3813
3920
3945
3969
3994
948
948
948
948
940
941
941
941
1038
1042
1111
1118
1136
1166
1139
1113
1086
1059
1033
1035
1019
1015
959
959
865
838
829
823
3813
3813
3901
3925
3950
981
981
967
992
1023
1047
1067
1076
1284
1235
1208
1182
1156
1129
1102
1105
1080
1065
1015
1015
1015
959
869
852
829
3813
3813
3813
3881
1013
1013
967
1044
1068
1076
1076
1284
1270
1225
1198
1172
1173
1150
1133
1103
1079
1015
1015
1015
1015
876
1053
3771
3794
3813
3813
1032
1024
1024
1076
1076
1076
1293
1267
1241
1214
1217
1203
1180
1103
1103
1083
1015
1015
1015
1015
1053
3725
3748
3772
3795
1024
1044
1331
1355
1310
1284
1286
1266
1228
1215
1187
1103
1103
1015
1015
1077
3629
3592
3594
3704
3727
1311
1355
1358
1336
1308
1228
1228
1228
1199
1103
1103
3587
3587
3587
3609
3592
3592
1352
1330
1228
1228
1228
1213
1185
3587
3587
3587
3567
