876
890
903
887
923
1005
991
960
930
889
869
974
904
906
793
860
844
858
872
1024
1024
957
889
914
799
801
809
868
964
931
905
849
868
793
831
815
829
707
1075
1072
655
670
947
767
769
776
737
781
834
1058
1042
959
957
899
849
839
809
769
769
769
705
707
690
670
1018
979
731
731
744
784
814
834
834
834
1000
1029
988
1005
940
911
849
880
764
743
760
826
840
705
680
820
856
862
702
704
712
748
815
834
834
834
1164
953
953
997
957
943
894
892
841
848
839
713
773
588
588
664
634
787
751
829
657
657
661
715
725
725
725
725
834
1159
1199
1010
999
953
922
899
919
889
841
784
799
672
682
588
588
602
631
597
574
753
801
669
640
644
715
725
725
632
688
688
739
1133
1140
1107
1077
1030
1030
922
922
899
874
826
815
771
755
641
650
711
563
568
586
551
552
737
764
607
609
616
632
632
632
688
688
739
739
762
1110
1113
1097
1127
1157
1037
1007
972
942
817
735
720
705
737
607
644
662
521
550
572
542
520
621
607
554
581
613
624
632
688
688
741
739
739
739
1078
1080
1041
1076
1102
1139
1033
972
993
817
817
794
741
697
570
552
518
471
480
439
513
470
475
528
539
568
532
552
615
628
658
688
719
739
739
739
1046
1046
1124
978
946
1051
1051
1103
1084
1053
1024
817
813
794
628
666
648
518
535
471
457
411
398
430
446
534
507
498
501
567
583
628
658
688
718
739
685
722
1013
1012
1095
1120
945
961
1001
1015
1062
901
856
901
948
601
617
632
628
603
621
568
450
452
430
379
380
440
442
507
457
484
587
551
568
603
650
678
700
685
722
985
977
968
1055
911
897
879
794
838
884
890
852
880
924
601
601
595
577
586
648
560
418
420
345
346
347
407
409
475
448
452
499
527
559
590
620
653
671
710
740
753
945
920
1027
1012
910
879
857
904
794
741
741
820
788
891
601
627
557
546
588
618
382
368
349
295
313
295
375
414
442
431
420
480
467
502
555
587
622
648
683
683
738
915
904
995
978
909
802
849
884
815
762
735
739
787
817
835
667
658
574
504
531
374
374
368
348
281
282
284
343
385
410
399
379
429
449
467
502
527
590
620
651
692
710
725
873
863
945
929
860
817
802
775
794
703
704
706
764
796
823
537
622
461
495
408
378
371
327
247
248
250
251
297
409
374
334
339
379
400
439
470
500
529
559
589
649
683
713
843
832
915
907
887
775
775
794
839
870
672
651
621
591
586
570
537
445
401
376
345
317
283
247
203
203
243
262
305
342
318
324
379
400
439
470
514
514
559
577
624
630
682
687
802
793
876
919
750
751
752
840
637
639
642
528
538
546
513
522
414
459
409
378
320
305
268
162
185
244
262
303
195
285
483
444
444
588
574
546
556
602
654
605
599
661
664
771
762
845
765
765
717
718
639
630
604
607
609
478
508
473
482
374
383
362
483
277
260
243
188
152
153
91
143
169
199
253
271
302
317
365
365
395
588
634
664
695
574
605
635
740
731
790
790
725
698
651
686
639
625
606
574
531
435
476
450
434
340
323
364
351
231
221
192
161
105
105
105
117
91
197
220
224
269
282
328
358
380
347
358
409
515
523
555
585
614
700
753
775
707
694
664
634
592
558
544
531
498
435
443
390
419
310
285
250
317
279
245
221
166
87
87
49
86
92
138
184
199
229
259
282
295
342
368
399
427
457
504
497
550
614
654
654
742
730
700
653
630
592
558
540
511
481
449
416
356
328
303
265
235
211
170
189
219
250
44
13
18
47
78
90
139
152
198
229
257
271
318
349
379
412
443
473
502
564
578
598
636
714
824
872
651
636
599
575
545
515
484
450
411
377
350
265
217
217
197
151
136
105
73
32
15
15
37
75
106
165
192
225
255
301
315
372
414
414
464
472
503
533
540
570
592
671
695
811
899
941
970
599
623
668
643
482
411
411
434
355
394
396
337
337
369
336
322
291
250
231
201
158
122
122
159
209
225
432
333
311
328
421
437
463
505
515
572
553
597
612
639
662
833
920
943
970
643
643
668
617
603
476
450
450
467
523
366
389
409
402
360
368
409
250
250
243
276
301
298
259
231
331
352
365
386
421
451
488
510
524
544
616
648
597
649
673
782
844
797
785
754
673
673
575
575
575
547
501
497
523
466
435
420
452
411
406
360
265
290
282
274
266
295
320
295
326
331
384
397
409
425
449
521
538
557
655
692
673
597
672
684
718
841
797
781
724
707
707
673
575
610
532
532
540
502
526
522
463
463
443
438
433
292
292
292
292
292
295
295
328
366
469
416
431
431
528
532
529
547
705
676
717
698
678
785
770
741
837
837
883
906
720
624
624
644
674
564
572
502
502
463
463
480
475
470
465
460
292
292
292
292
295
358
360
522
489
449
448
495
525
556
548
699
725
758
846
864
930
952
803
1059
985
955
941
875
672
672
664
636
611
604
597
590
572
500
500
500
500
586
595
595
292
292
292
392
392
392
407
504
482
481
532
562
629
658
684
707
800
830
885
893
880
854
1105
889
934
902
872
841
811
653
613
627
627
683
742
763
572
530
530
531
610
611
612
614
292
292
392
392
425
422
577
533
517
560
591
620
697
735
764
777
839
861
930
949
857
1112
893
901
860
830
800
760
673
665
674
683
716
747
766
585
585
599
637
647
639
633
631
292
392
463
461
458
455
569
544
547
592
632
662
692
715
768
797
797
881
926
1004
933
935
887
857
827
797
747
716
697
697
716
764
785
738
731
619
585
646
671
666
657
646
502
499
496
493
490
614
594
587
570
600
641
687
715
744
787
816
867
939
1040
991
935
921
891
861
822
802
723
738
737
697
716
738
706
706
651
655
585
671
671
666
666
765
546
542
529
521
640
632
615
602
611
645
672
700
727
799
814
857
893
912
1001
946
887
887
850
797
753
759
738
738
754
700
657
657
657
657
657
657
657
667
765
765
765
562
559
685
667
662
652
665
660
611
611
685
712
811
864
875
893
893
1001
1078
842
842
842
797
806
759
759
968
992
657
657
657
657
657
585
657
671
692
692
754
600
592
647
705
688
716
698
679
645
645
1053
1044
1015
953
929
939
893
1070
964
842
861
828
837
865
914
944
954
954
954
657
1075
657
657
741
741
692
692
723
612
612
748
732
716
743
726
700
645
1056
1046
1046
1043
982
960
974
958
928
888
875
846
865
918
951
979
991
954
1075
1075
1027
741
741
741
741
725
695
664
648
776
760
786
772
759
735
718
1046
1046
1053
1037
1000
981
976
930
899
907
900
893
921
954
1013
1035
991
1068
1074
1027
754
741
741
741
766
702
697
820
804
829
815
802
788
775
761
1090
1090
1090
1065
1047
1043
959
930
939
949
978
1009
1039
1056
1072
1027
1027
1027
1000
966
754
741
741
798
724
724
851
849
852
871
887
889
889
1163
1209
1226
1138
1108
1063
971
918
974
1373
1063
1072
1072
1027
1059
1010
983
956
923
878
849
816
766
724
880
907
938
905
903
900
898
1163
1209
1209
1171
996
1337
1323
1391
1444
1072
1096
1090
994
974
940
916
889
816
786
786
786
916
910
946
926
926
926
1163
1163
1163
1183
1307
1331
1361
1403
1135
1128
1122
986
949
936
916
816
786
786
820
847
866
909
906
972
926
926
1157
1183
1211
1369
1383
1418
1160
1154
1148
937
927
916
820
786
820
861
866
982
906
952
976
1005
1033
1126
1409
1191
1190
1188
937
919
820
786
820
820
889
902
1015
906
969
992
1019
1221
1220
916
877
820
820
912
929
931
1047
1051
