767
772
1268
1268
1143
1113
926
907
888
873
884
2072
725
730
735
740
1268
1306
1300
1002
878
878
851
834
871
900
929
960
2142
2137
2105
696
697
700
625
1342
1338
1030
1033
925
907
826
817
819
850
851
860
905
906
2184
2179
2174
2169
2137
663
664
625
665
703
1370
999
941
956
792
794
785
784
808
817
843
869
889
892
1021
2534
2216
2211
2206
2201
2169
625
625
663
693
708
1402
1105
941
988
766
761
742
704
773
800
906
906
889
873
1007
1030
2607
2575
2560
2243
2238
2206
2201
594
603
668
721
716
917
1136
814
1021
712
712
709
731
737
737
895
879
837
842
989
957
987
2529
2576
2561
2547
2532
2275
2271
2238
2234
567
561
555
724
724
902
877
788
809
754
695
677
673
673
673
868
851
835
818
821
929
951
937
1036
2504
2563
2548
2533
2518
2503
2308
2303
2271
2266
535
529
523
485
1003
852
852
828
788
737
708
645
684
721
673
776
776
808
822
821
810
899
813
805
808
2529
2534
2495
2504
2490
2475
2460
2335
2303
519
508
497
478
463
977
843
781
806
785
735
646
632
805
820
788
776
776
772
755
777
768
796
853
760
782
2652
2529
2529
2511
2398
2398
2398
2431
2367
2335
2330
489
471
453
439
945
843
843
824
816
724
695
677
576
766
780
805
816
725
725
752
753
734
721
726
775
812
2726
2529
2529
2529
2526
2499
2473
2446
2419
2388
2365
477
455
379
423
412
907
892
867
882
847
730
725
712
542
721
762
787
762
719
702
685
652
665
695
823
775
841
861
2761
2529
2529
2529
2529
2515
2488
2461
2439
2434
523
486
457
428
379
379
374
940
903
912
902
876
615
589
514
704
651
733
753
786
652
652
641
647
850
850
776
856
873
2783
2788
2529
2529
2529
2529
2529
2504
2475
2471
2466
516
496
467
438
361
352
343
334
334
670
663
658
633
473
473
473
651
706
684
789
679
692
599
625
902
856
850
861
915
928
2815
2820
2825
2529
2529
2529
2529
2519
2509
2503
512
503
495
476
339
330
321
312
321
311
643
643
608
562
536
352
438
631
610
545
529
546
563
581
856
856
856
856
932
945
958
2842
2848
2854
2859
1324
1351
2529
2529
2546
2541
2536
481
472
464
455
308
299
290
280
271
280
259
634
604
574
311
311
331
590
611
540
457
519
536
814
831
848
856
856
962
975
988
1001
2874
2880
2887
2894
1238
1238
1300
1300
1300
2547
2569
449
441
432
424
415
267
258
249
240
251
230
159
217
243
272
300
353
364
545
458
457
492
770
787
804
821
837
903
930
958
1017
1030
1260
2912
2917
1238
1238
1300
1300
1300
1300
2604
2601
418
409
401
392
383
236
227
218
209
200
208
188
197
229
220
310
337
416
533
490
458
457
743
694
776
793
861
889
916
944
971
999
1248
1248
1238
1238
1232
1305
1300
1300
1300
2656
2634
2631
379
370
361
352
205
196
187
178
169
145
145
159
200
269
269
407
398
390
419
422
694
694
694
792
820
847
875
902
930
957
985
1303
1278
1239
1228
1228
1261
1289
1316
1343
1281
1265
1260
357
348
339
330
321
265
97
156
147
97
139
120
111
388
416
445
464
366
341
377
654
672
674
750
778
806
833
861
888
916
943
971
1131
1321
1203
1203
1204
1219
1246
1274
1300
1208
1232
1250
712
326
265
265
299
265
150
63
63
97
97
97
89
80
376
405
293
333
332
333
610
627
645
709
737
764
792
819
847
874
902
930
1147
1160
1155
1155
1155
1177
1205
1232
1142
1164
1188
1212
712
712
712
265
265
265
259
159
87
63
63
63
66
57
49
306
290
245
267
267
820
578
601
667
695
723
750
778
805
833
860
888
916
1176
1189
1230
1201
1141
1130
1053
1053
1120
1143
1166
712
712
712
656
656
194
205
228
169
139
110
51
45
36
36
17
14
260
245
227
261
539
611
611
654
681
709
736
764
791
819
827
840
870
1205
1219
1240
1160
1119
1102
1074
1076
1098
1007
986
712
737
696
656
656
194
205
198
189
149
32
62
13
15
14
5
14
182
199
201
496
509
654
658
626
626
626
722
750
710
788
817
836
863
883
1238
1199
1169
1140
1111
1053
1021
994
995
973
700
700
683
653
629
189
176
167
158
96
67
38
57
36
14
52
39
48
173
452
470
700
680
692
680
680
680
649
679
710
778
806
835
855
883
906
1208
1179
1149
1089
1064
1040
998
966
954
700
720
696
631
608
567
145
137
132
106
77
27
36
46
51
165
70
129
980
425
742
727
737
714
729
744
758
648
678
709
767
796
825
848
877
902
1245
1162
1135
1108
1083
1012
966
943
925
754
770
770
567
584
563
542
133
124
115
49
126
68
77
105
150
128
102
381
399
770
781
763
533
758
762
617
647
678
708
756
785
814
840
870
898
1203
1177
1150
1076
1030
945
935
903
893
754
753
763
594
627
539
518
475
413
341
96
89
89
100
124
153
145
321
321
799
420
460
499
529
558
588
616
646
677
707
742
775
804
833
863
894
1106
1097
1008
999
913
904
895
860
731
691
715
639
594
587
478
466
422
388
342
323
294
258
125
189
293
313
370
399
428
461
494
524
554
585
615
646
676
707
736
764
793
822
855
1078
1067
914
968
959
836
864
815
785
684
688
649
529
556
499
478
442
413
365
328
258
269
222
242
271
303
334
363
390
410
489
520
551
581
614
645
675
706
730
754
782
811
848
1231
1036
914
914
906
877
836
806
782
726
635
595
555
538
509
472
450
419
389
351
326
276
258
269
247
271
336
368
398
427
452
515
571
581
614
644
675
705
727
750
772
801
1051
1201
996
974
944
930
886
836
878
765
739
712
601
665
576
545
502
492
416
380
379
298
298
325
247
247
247
271
447
439
446
471
476
545
543
567
514
674
704
727
747
924
1012
1096
1159
1027
914
962
971
901
910
981
954
698
670
634
619
563
533
519
418
418
364
347
356
362
325
271
271
486
478
470
521
505
514
539
563
514
599
599
826
842
924
924
1001
1129
1118
1069
993
1002
972
933
933
898
896
656
629
598
563
546
517
464
409
391
400
382
389
411
421
421
518
510
502
549
534
476
558
583
599
599
599
826
842
924
961
990
1087
1066
1024
1032
1007
933
868
866
864
862
824
846
563
534
505
477
435
418
427
341
391
444
447
449
526
526
593
554
598
623
578
599
599
599
826
842
892
921
924
1062
1042
1089
1052
1052
886
835
786
831
829
791
813
812
515
443
479
462
468
488
435
473
476
484
537
558
526
605
554
617
642
667
691
762
788
818
867
918
957
971
1017
998
949
919
888
858
828
786
786
741
781
675
542
524
506
514
468
524
543
556
491
513
542
559
750
526
554
637
661
686
718
730
763
811
823
896
970
973
952
922
891
806
795
765
759
727
701
665
550
550
558
541
468
550
570
597
617
519
590
588
690
690
605
605
681
765
773
730
763
798
854
892
970
857
882
868
806
792
761
731
701
671
616
593
576
576
591
551
533
580
608
639
680
623
666
721
690
764
675
788
797
805
815
810
839
868
867
857
857
898
821
825
785
768
949
664
637
601
629
576
639
648
571
591
645
660
673
633
652
824
765
773
775
820
828
836
853
844
824
824
883
858
830
799
887
699
681
663
673
655
652
667
674
674
674
660
660
668
692
652
802
784
784
784
784
848
848
885
843
848
848
836
788
725
708
702
700
682
714
710
674
731
748
835
816
733
723
712
652
790
784
784
848
848
1220
914
806
788
788
752
734
743
747
798
739
753
740
757
775
776
804
776
754
743
733
722
784
1129
1151
1179
1208
796
762
788
770
779
782
845
784
792
806
800
822
847
795
814
973
970
970
1093
1112
1139
814
793
793
793
861
808
808
852
840
841
866
887
947
960
970
998
1066
1104
1113
808
808
879
871
953
927
896
919
962
