856
856
856
647
593
593
577
563
557
524
524
842
856
856
856
856
810
647
593
492
577
563
557
557
524
524
524
524
765
765
826
852
856
856
913
834
647
593
593
593
624
577
557
524
524
524
524
524
524
1531
765
765
785
810
837
884
913
834
810
593
593
593
592
660
660
577
557
524
524
524
524
524
524
524
1576
836
812
789
749
722
722
861
834
810
647
647
593
593
577
660
660
660
557
524
524
524
524
524
524
524
525
1624
792
810
833
722
717
710
702
802
810
810
593
647
593
590
563
660
660
644
557
524
524
524
524
524
524
524
581
581
1055
1671
710
774
786
812
625
679
682
625
771
780
647
593
647
623
576
492
660
655
628
577
524
524
524
524
524
587
581
581
581
581
581
1018
1030
710
710
728
728
625
571
625
625
625
740
719
593
593
593
588
561
492
492
492
577
577
557
524
524
576
587
587
581
581
581
581
581
581
990
718
710
710
701
673
644
571
614
645
676
710
703
538
492
492
574
547
519
492
572
514
549
500
528
557
587
614
648
581
581
581
655
655
674
946
914
650
650
711
698
663
634
605
571
571
571
703
538
538
538
492
492
445
458
471
482
505
520
464
467
557
570
631
631
581
581
581
655
670
686
708
909
937
954
650
650
681
659
603
632
606
550
551
553
703
458
458
528
470
480
377
429
442
460
477
429
444
490
522
522
552
569
586
612
645
667
687
709
731
735
703
676
954
574
640
650
631
564
565
519
518
516
462
532
458
458
495
421
420
371
399
371
433
456
391
440
468
495
574
556
542
558
621
635
688
710
732
735
735
694
688
661
634
606
609
616
571
540
533
489
485
462
437
530
517
489
458
431
401
367
346
386
414
362
372
428
456
482
521
478
515
521
657
666
689
741
754
770
770
770
680
652
625
618
591
571
544
517
506
499
489
437
437
488
518
527
494
458
427
397
331
330
267
267
331
338
342
471
498
473
471
448
694
694
635
710
734
780
770
770
770
819
666
638
610
583
556
549
522
502
475
467
426
422
418
413
362
350
338
311
307
301
301
297
267
267
299
305
486
465
439
410
445
489
475
494
547
676
730
745
785
830
852
874
851
650
623
570
570
553
519
487
480
453
427
382
390
385
308
362
350
335
307
236
251
251
251
228
228
266
258
405
397
384
401
410
510
533
547
547
676
702
676
806
829
874
896
687
616
616
616
608
532
505
477
450
419
391
361
358
353
338
358
362
331
282
236
236
251
184
195
195
234
288
299
327
357
327
391
530
547
578
612
658
692
715
739
851
873
919
687
687
673
653
670
645
742
463
415
359
352
357
331
315
308
262
234
207
205
225
268
298
319
171
167
193
257
313
314
347
347
382
606
567
599
622
631
646
737
752
791
895
918
777
745
718
687
705
692
708
750
765
511
448
478
390
305
270
243
247
219
192
187
193
69
47
129
141
145
208
224
270
287
291
382
642
594
604
534
587
603
612
768
781
781
870
892
961
788
761
735
740
738
756
751
573
548
517
472
434
359
309
255
228
201
174
178
150
122
47
47
99
116
139
184
202
243
260
580
601
568
551
568
534
534
534
592
690
690
826
835
835
985
831
771
751
717
715
646
616
596
563
472
504
420
391
304
261
232
211
159
131
100
108
73
47
74
85
146
182
198
202
304
552
551
525
512
478
516
478
641
641
685
714
734
870
875
851
862
873
710
705
688
660
634
620
537
537
537
488
423
261
232
258
210
179
115
113
74
38
18
18
52
45
155
171
284
289
512
480
480
453
474
732
702
671
641
674
695
745
780
854
833
864
873
784
829
829
890
649
623
649
624
569
520
456
304
261
291
293
123
163
156
133
32
2
15
34
83
117
102
252
481
442
471
494
430
442
508
508
599
613
695
792
781
763
756
800
873
845
817
804
771
856
680
623
649
630
577
553
488
385
336
348
315
141
152
152
93
37
35
31
52
83
111
159
220
359
424
399
389
411
428
485
488
570
732
723
811
835
716
755
756
892
843
771
762
748
714
686
656
617
587
552
527
525
470
434
410
391
188
141
127
97
67
87
35
46
46
125
153
180
218
322
301
352
352
452
479
503
541
573
619
648
677
706
735
785
921
945
971
744
750
716
682
622
648
615
580
562
546
485
466
433
670
188
135
125
115
105
104
127
127
488
78
167
194
205
250
295
323
310
378
494
527
556
573
609
638
667
696
831
803
979
921
982
744
776
741
686
622
680
615
622
581
581
525
649
469
641
188
166
156
146
136
147
104
458
463
155
225
253
205
231
292
319
365
392
404
489
534
600
573
573
657
796
824
813
1011
871
871
817
783
940
918
713
716
575
627
581
581
599
597
586
207
197
187
177
188
178
104
431
419
300
293
281
205
279
293
334
361
388
434
461
477
516
642
654
756
784
791
953
922
886
833
815
845
880
669
608
582
559
501
470
470
560
566
300
274
218
208
219
478
422
411
396
368
324
319
314
403
387
366
415
401
430
448
502
529
660
571
726
693
679
1058
948
921
882
847
828
637
637
620
591
546
501
470
505
530
336
312
284
234
234
538
444
455
397
382
330
350
356
409
439
472
500
417
484
459
476
501
526
572
594
658
679
715
1026
996
966
926
880
880
681
674
631
524
501
501
463
419
380
357
333
289
279
291
402
414
425
461
446
415
389
391
369
393
488
515
527
496
448
448
521
546
569
616
635
676
854
987
967
999
912
909
833
785
773
743
713
498
439
419
398
379
306
309
310
614
360
398
428
450
497
417
391
424
369
425
504
580
577
509
448
448
541
575
593
611
660
799
1010
967
1033
945
957
1017
819
818
1019
674
519
471
419
408
438
410
352
363
583
365
365
426
468
521
419
451
460
470
470
621
613
606
606
702
706
583
601
619
638
689
703
1037
983
977
986
970
941
941
986
642
552
475
419
474
462
392
368
384
553
365
365
505
507
542
456
470
494
494
538
591
642
664
704
706
1006
723
723
721
667
674
1050
1036
996
986
957
903
903
948
618
582
567
537
507
492
423
413
511
466
365
513
550
513
566
568
505
526
546
563
598
614
664
732
733
997
991
723
723
674
709
1004
1003
958
935
881
862
909
622
625
570
504
504
442
442
466
485
466
518
573
581
590
598
617
604
545
566
586
623
663
767
765
733
964
961
723
771
760
942
887
887
833
851
875
655
658
657
514
504
494
484
496
514
526
526
526
613
621
631
617
592
591
615
644
660
690
799
799
877
907
924
877
849
899
849
828
811
776
768
726
741
655
592
535
525
515
529
556
526
767
715
702
652
661
690
659
621
797
753
712
690
826
826
944
944
913
886
855
882
835
822
792
762
731
685
654
624
592
563
567
561
586
773
764
715
733
665
665
659
621
655
687
723
752
745
876
905
933
981
988
959
802
791
739
746
729
699
655
626
581
601
593
619
622
715
715
757
716
723
670
670
670
670
779
808
774
881
913
942
973
832
787
777
775
775
681
649
637
632
624
652
654
872
859
880
748
755
778
749
717
741
788
817
852
863
1328
1323
821
811
776
732
704
680
668
663
663
683
688
872
903
859
846
811
801
772
752
732
732
888
925
923
1290
775
745
704
698
700
697
781
781
872
909
937
896
868
842
810
787
784
732
779
920
950
750
714
719
743
772
797
885
914
937
907
918
885
888
820
817
836
836
776
811
843
1280
1298
1324
948
951
918
920
820
