797
900
887
874
1144
1167
1197
1201
1231
737
728
807
794
781
765
871
858
844
831
1172
1202
1206
717
707
697
687
677
667
794
769
733
766
751
700
700
828
815
802
748
778
808
686
676
666
656
646
636
629
629
876
877
909
733
733
700
722
700
691
799
786
772
698
771
800
656
610
617
625
629
629
629
535
629
2433
801
846
835
771
724
707
650
696
680
614
603
756
743
698
763
793
820
845
586
594
601
609
535
535
2507
2498
2489
883
857
826
801
713
650
680
650
605
652
614
603
666
714
726
756
786
820
546
554
562
507
507
535
2666
2657
2529
2520
2510
950
889
841
816
792
761
731
701
671
637
605
637
609
629
659
688
698
698
499
507
507
507
507
507
535
563
2666
2655
2624
2551
2541
2532
2523
950
922
892
857
834
747
746
779
678
650
622
581
614
583
565
508
508
504
477
468
476
484
492
535
563
535
563
2666
2653
2622
2587
2572
2563
2554
2544
998
927
895
857
802
727
727
719
691
646
618
565
547
503
539
508
500
480
387
454
462
470
460
416
535
535
563
2666
2650
2620
2594
2585
2580
2576
2575
848
841
881
851
843
815
787
743
715
686
579
539
503
521
503
548
496
476
455
387
377
430
416
429
467
497
498
498
2666
2648
2618
2597
2592
2585
2585
2577
2169
848
840
799
868
896
856
799
783
755
727
539
539
536
515
497
478
457
436
451
431
387
377
398
391
399
474
498
498
498
498
498
2616
2600
2594
2585
2585
2585
2155
674
839
799
827
835
863
843
799
680
651
624
577
521
543
491
456
454
433
412
389
387
388
414
367
359
367
376
498
498
362
362
362
362
2603
2594
2594
2585
2585
674
597
867
839
782
776
822
678
626
714
684
606
606
579
548
519
467
446
391
409
389
367
344
362
340
320
328
336
344
362
362
362
362
362
362
362
362
362
367
597
417
597
597
866
838
734
746
707
677
626
620
688
660
623
705
508
529
430
443
402
346
367
344
322
289
297
288
296
305
253
362
362
362
362
362
362
362
362
362
413
362
417
597
597
907
879
734
734
734
706
676
626
613
583
616
638
668
484
484
456
430
346
358
337
313
300
277
265
257
265
253
326
354
362
362
362
362
362
362
314
314
419
417
597
597
597
597
920
892
734
734
734
705
626
539
539
539
558
556
521
468
458
423
366
366
335
313
292
252
198
217
225
253
285
313
341
393
362
362
362
362
362
390
314
426
417
597
597
597
597
933
734
734
734
643
626
473
473
473
521
513
556
528
487
441
403
366
395
343
278
254
244
195
183
229
247
287
253
422
425
362
339
339
339
339
393
406
432
597
597
674
674
674
655
625
510
510
510
434
475
473
473
473
473
435
416
381
538
329
350
366
278
254
303
300
163
155
254
276
312
293
454
457
339
339
339
339
417
417
408
438
597
674
674
674
674
685
654
624
510
510
434
434
434
434
451
451
451
451
396
347
284
304
284
284
348
412
339
124
132
124
357
330
276
250
250
335
339
339
417
417
417
417
414
444
597
674
674
674
674
674
684
653
623
593
510
510
502
434
434
411
418
418
394
347
329
309
271
230
316
341
375
398
106
84
62
62
276
276
250
288
313
339
391
408
417
417
401
314
450
597
597
674
671
665
660
683
652
622
592
561
510
500
434
434
409
352
386
350
289
259
195
230
263
305
333
362
53
65
53
50
48
154
262
240
212
270
256
383
398
417
314
404
427
456
584
597
630
652
597
597
682
651
621
590
560
517
499
468
434
408
378
348
318
287
257
226
205
166
136
105
55
53
14
15
32
48
135
110
209
228
262
257
288
347
314
314
406
433
463
493
578
597
597
597
560
682
651
621
591
561
514
500
470
436
410
379
348
318
288
258
227
195
166
136
95
76
37
15
15
43
75
82
136
167
178
228
258
289
314
349
380
409
439
469
499
550
513
560
560
632
680
650
658
590
514
514
436
417
461
449
350
288
316
319
256
195
195
165
95
118
74
47
14
18
27
43
82
118
148
179
209
239
270
302
329
360
390
420
450
505
534
560
560
621
632
681
681
691
714
558
514
436
498
492
488
350
345
359
350
195
195
194
163
95
145
96
88
58
49
89
89
128
167
198
228
259
288
320
326
299
362
395
425
475
486
516
534
574
631
659
681
729
721
741
714
706
498
498
523
520
406
398
390
382
374
629
629
145
145
177
128
119
88
58
88
182
133
168
198
229
259
363
349
369
299
555
555
514
488
793
764
734
584
603
628
769
760
752
764
705
683
659
562
558
547
438
430
421
413
524
615
615
191
191
191
159
135
119
359
331
109
225
240
275
306
401
392
372
402
405
408
555
458
488
488
783
724
695
661
642
792
783
815
810
663
639
609
590
547
449
449
465
497
527
558
569
191
185
185
185
162
146
130
318
291
255
268
309
341
373
426
423
434
436
436
436
555
490
828
802
730
730
707
823
815
849
842
643
619
607
621
547
453
460
470
500
530
561
569
213
211
211
208
189
174
158
304
291
272
297
272
478
466
455
450
436
436
436
436
459
828
828
828
809
779
739
854
846
881
874
623
658
658
675
697
460
460
473
503
630
620
569
307
307
232
232
232
232
418
418
388
339
311
349
382
496
484
472
460
436
436
436
436
842
845
847
850
741
771
886
878
912
905
663
1104
675
697
699
699
768
475
506
659
653
646
307
307
307
282
265
511
486
459
367
367
395
427
537
513
513
502
1150
1150
1139
1105
1068
875
877
880
882
741
790
979
944
937
930
1072
697
737
740
764
782
687
687
687
712
742
754
321
326
330
269
269
419
419
413
367
493
519
567
513
513
730
730
1150
1131
1099
1066
1035
910
912
915
790
1023
969
1022
1015
1040
776
769
705
800
793
789
1118
1129
716
746
754
416
358
362
392
432
460
458
419
460
490
610
598
585
677
730
721
1150
1086
1094
1064
1033
1003
972
948
986
982
1029
1007
1006
776
776
839
832
824
817
1088
1099
720
377
377
377
367
392
418
446
474
522
580
609
638
639
626
662
690
742
721
1058
1073
1115
1061
1031
978
949
984
1457
1487
1517
979
952
923
894
863
856
1003
1057
1068
724
430
429
428
426
425
678
615
586
557
543
571
600
668
682
687
702
721
721
1035
1033
1082
1059
1029
978
978
1011
1448
1524
1553
1583
1613
1105
1076
1047
1003
990
962
516
449
506
483
449
720
707
640
613
594
535
583
621
639
665
724
754
724
724
1002
1001
999
998
1378
1360
1330
1531
1561
1591
1617
1617
1681
1711
1003
979
951
923
516
516
505
763
748
707
679
617
650
669
678
651
613
682
712
707
707
756
967
970
971
971
1378
1358
2584
2612
2641
1617
1617
1617
1722
1752
1780
1808
910
882
854
810
791
779
756
692
653
695
748
680
661
839
817
732
752
756
756
935
938
872
919
1062
1118
2620
2650
2679
2687
2687
1734
1766
1795
1822
1851
1877
842
826
790
845
872
700
700
726
723
723
680
858
839
778
756
798
826
890
884
872
872
1009
2687
2719
2747
2749
1780
1809
1840
1867
1893
1920
1946
1167
1167
729
729
736
756
777
750
770
809
826
883
792
816
839
868
895
922
2687
2749
2749
2749
1823
1857
1883
1913
1938
1964
1989
1167
1140
1124
748
780
800
818
775
823
841
878
878
941
976
1093
910
2749
2749
2749
1846
1873
1899
1931
1956
1984
2009
2033
2057
1093
1071
760
823
868
844
864
843
878
916
940
983
1076
2228
1863
1889
1923
1949
1979
2004
2028
2056
2079
2102
1049
1030
869
869
846
893
867
993
1018
1065
1916
1941
1974
1999
2023
2055
2078
2101
2125
1994
1001
926
916
933
920
956
1006
2018
2054
2076
2099
2126
1992
1969
1010
960
959
956
