1765
1580
1596
1625
1655
869
869
890
860
829
799
1733
1717
1688
1654
1618
1607
1629
1659
809
842
812
818
788
745
701
700
730
1854
1827
1772
1711
1657
1671
938
886
853
879
798
809
773
776
746
716
701
670
699
729
772
1888
1911
1849
1832
1784
1771
1710
1702
894
856
831
790
797
787
757
727
697
677
617
624
647
647
729
772
823
1936
1961
1942
1891
1861
1831
1813
1740
860
863
824
797
838
761
739
703
691
662
616
598
598
647
647
647
686
710
893
1913
1943
1961
1966
1887
1818
1849
1827
1772
827
822
792
773
713
694
649
640
622
581
581
554
602
563
563
686
710
672
709
920
1896
1947
1976
1981
2020
2007
2002
1922
1852
1827
1788
779
787
757
735
696
674
649
633
609
524
545
537
563
583
629
659
672
672
709
709
884
884
1901
1940
1969
1999
2000
2014
2038
1998
1966
1941
1865
1837
779
751
705
690
659
628
603
573
559
529
521
499
538
545
633
667
695
709
672
709
884
838
838
962
1005
869
2007
2036
2066
2070
2040
1961
1904
1899
1860
826
784
741
623
605
589
597
558
538
508
465
465
490
490
575
596
706
752
756
837
880
838
884
886
940
863
764
788
683
683
2059
2033
2003
1973
1944
1909
858
809
771
597
572
550
513
500
528
447
437
467
519
546
578
608
627
644
644
821
838
838
838
915
849
812
788
834
767
796
723
683
683
725
695
1958
1958
1989
506
831
797
564
537
508
478
450
512
415
405
436
385
545
596
617
644
644
644
803
812
878
905
938
982
817
765
771
726
734
805
714
676
747
718
688
658
483
486
489
492
495
459
459
459
437
441
395
379
362
385
354
560
533
617
673
644
765
771
778
790
922
946
971
766
766
733
687
695
702
619
619
645
579
550
681
651
621
454
457
460
617
459
459
459
431
401
371
326
341
354
446
531
554
584
609
609
733
740
746
752
926
947
961
988
738
737
704
678
663
651
567
606
602
572
542
513
478
558
421
424
427
612
582
552
506
331
276
276
293
315
383
435
498
498
592
609
644
701
707
714
720
726
947
961
977
673
700
642
613
595
633
633
604
567
545
516
486
470
484
519
389
392
395
607
577
547
316
333
303
291
272
317
367
389
455
443
443
617
621
671
672
624
624
565
624
961
966
1115
694
664
634
560
595
595
517
534
541
537
508
478
435
435
353
356
359
258
258
287
287
307
314
256
269
241
364
357
389
435
443
443
585
589
624
624
565
565
565
565
646
1115
1223
684
655
625
596
567
527
509
479
506
476
447
400
408
470
321
324
258
258
170
287
287
287
259
229
203
205
315
315
389
478
478
525
551
509
607
605
565
565
565
565
566
1253
1256
676
647
617
558
558
525
499
471
441
412
375
357
363
411
271
271
258
258
170
170
333
329
166
170
162
288
274
337
366
399
418
459
489
509
534
565
581
581
620
565
581
1278
1283
698
669
639
558
525
525
521
492
462
432
403
374
353
315
286
258
259
231
204
145
170
365
361
107
148
140
256
297
337
378
397
418
457
488
518
534
581
620
620
620
641
641
620
1333
1320
690
661
525
525
525
525
513
484
454
374
374
404
332
304
276
228
218
201
161
115
161
114
136
130
107
108
224
328
384
410
422
454
483
544
544
617
607
667
641
641
641
641
1348
1333
1327
866
836
807
594
525
525
505
476
374
374
442
436
320
292
263
235
207
179
149
115
77
104
132
158
57
78
212
242
271
439
466
413
411
575
575
588
641
641
641
641
1384
1366
1348
1333
1313
858
828
799
769
740
710
681
484
484
480
474
467
461
279
251
223
195
166
138
110
77
54
27
14
38
156
200
209
258
284
306
380
354
354
402
575
575
641
641
1420
1399
1376
1348
1327
1299
850
820
791
761
732
702
672
526
484
484
505
513
542
570
595
210
182
86
86
103
70
41
15
15
47
101
134
272
261
269
324
354
383
402
402
1581
1554
1512
1482
1445
1415
1389
1358
1313
1285
842
812
783
753
723
694
664
635
598
544
537
484
524
586
612
626
170
86
148
138
58
66
23
25
50
69
153
176
213
213
350
348
327
432
444
1578
1547
1516
1486
1456
1434
1404
1368
696
1225
834
804
774
745
715
686
656
630
601
575
547
547
547
603
626
626
159
159
179
180
207
71
23
83
76
105
120
148
164
253
281
302
302
367
434
458
488
518
577
562
562
571
680
696
696
1106
1102
766
737
707
678
648
616
614
607
599
592
656
621
626
243
232
220
209
159
256
246
22
114
126
260
231
170
176
216
244
302
350
378
424
464
494
524
554
591
620
650
682
696
696
1086
1094
987
821
810
798
769
739
616
638
646
656
656
755
456
273
262
251
239
228
286
279
123
145
144
260
237
199
251
211
256
284
313
341
404
446
474
503
559
596
626
654
685
696
696
990
979
844
834
790
760
731
701
669
682
712
742
755
285
456
274
280
270
313
318
326
185
177
187
144
243
228
277
211
211
296
325
353
382
410
438
516
525
555
639
667
695
695
978
961
875
865
856
681
681
708
681
645
681
749
479
479
474
436
407
326
355
298
273
217
208
219
210
202
199
280
274
546
308
380
405
361
423
451
479
505
585
611
636
695
682
953
936
909
892
881
753
746
739
732
724
717
479
479
479
504
533
398
329
349
311
266
233
259
250
242
777
280
280
563
544
470
451
436
361
435
463
491
505
549
575
653
677
704
951
926
910
896
781
781
778
771
1142
1149
1157
479
504
511
518
478
449
420
380
307
287
278
268
268
765
777
622
606
591
486
486
476
457
380
567
935
910
885
568
593
618
697
704
926
911
903
781
781
781
781
1110
1118
1125
504
511
952
976
1005
439
390
411
363
318
309
319
732
721
692
629
634
619
536
520
500
539
563
587
611
891
867
790
613
638
645
926
912
781
781
781
781
1071
1079
1086
899
845
845
920
927
1014
461
452
405
393
349
360
350
732
1812
684
654
626
596
565
565
589
560
584
608
622
740
757
823
798
724
709
961
954
954
1024
1032
1039
1047
1055
845
845
845
888
895
488
488
483
435
390
381
390
381
1763
1763
629
615
571
606
571
571
609
633
604
622
651
713
731
777
800
748
961
954
954
954
1000
1008
1015
1023
819
842
845
845
845
488
488
479
437
421
431
422
412
1748
1753
641
615
615
638
632
673
702
705
670
648
672
690
704
845
793
781
954
954
954
969
976
819
819
816
740
817
824
898
552
543
502
463
452
462
452
443
1716
1644
1644
615
615
615
615
641
709
670
670
670
1031
1014
965
822
822
961
954
920
898
868
819
810
740
786
792
930
583
574
534
458
503
493
483
1677
1684
1628
1284
1281
1229
1226
1196
1166
715
670
670
991
991
969
926
863
988
962
928
897
870
833
804
774
740
715
685
987
588
528
523
534
524
514
1645
1652
1596
1284
1300
1229
1222
1192
1162
1131
1101
1071
1036
991
965
926
896
956
928
931
859
895
804
774
744
714
684
649
619
586
545
548
548
545
1611
1622
1563
1335
1332
1274
1270
1188
1158
1127
1097
1048
1062
1073
1109
930
963
970
925
937
768
738
707
678
605
605
605
593
565
548
1567
1581
1539
1531
1367
1365
1284
1284
1184
1154
1123
1469
1469
1070
1087
1001
955
967
1041
732
701
605
605
605
593
639
646
565
1567
1557
1528
1500
1470
1441
1407
1377
1320
1326
1326
1440
1309
1273
1036
1023
1011
999
923
665
605
593
599
678
672
667
1626
1615
1496
1525
1462
1433
1404
1373
1343
1314
1364
1400
1234
975
942
913
884
855
742
726
711
695
1668
1656
1575
1565
1556
1454
1424
1402
1320
1320
1346
1278
902
873
844
815
754
739
723
1675
1675
1576
1595
1576
1576
1418
1320
1320
1382
805
779
766
751
1675
1645
1636
1626
1576
1576
1418
