974
1010
1053
1043
1033
878
809
923
945
966
1006
807
882
922
922
1007
1028
1093
1043
874
894
920
945
968
1004
1035
1043
1170
840
807
848
860
894
961
988
1028
1105
832
809
886
914
942
969
1002
1033
1043
1099
1126
1163
750
765
753
806
789
771
934
960
995
1028
1058
832
852
878
908
939
970
1000
1031
1043
1089
1168
1154
1206
1153
716
730
708
730
716
762
745
727
972
996
763
787
810
837
867
900
936
1005
1103
1081
1067
1043
1139
1125
1178
1137
1137
706
689
671
693
692
706
726
718
668
692
692
743
767
791
878
906
936
965
1011
977
1024
1043
1027
1043
1071
1071
1137
1055
1055
1244
696
679
662
644
627
655
661
656
682
674
632
692
723
747
829
863
894
994
955
990
967
935
1007
999
1029
1039
1043
1107
1055
1055
1104
1159
1239
1219
669
652
635
617
600
610
594
632
622
647
655
680
727
793
841
829
931
955
951
939
935
924
938
951
1029
960
1020
1011
1055
1078
1032
1074
1101
1214
1194
1175
1156
608
591
573
556
573
563
587
769
660
702
756
771
830
897
923
933
915
940
845
886
924
951
889
946
971
1012
1001
979
1001
1032
1032
1270
1290
1169
1149
1130
581
563
546
529
512
536
546
531
725
724
784
785
853
858
920
947
875
845
839
822
850
878
889
933
961
939
939
959
914
914
929
1101
1277
1205
1205
1205
1124
1105
1086
537
519
502
485
468
483
499
471
681
702
814
814
900
960
920
902
753
809
808
837
864
878
878
928
918
908
914
912
902
929
1611
1611
1291
1265
1223
1181
1162
1079
1060
1043
492
475
458
441
466
438
463
437
653
636
871
913
939
637
712
740
768
785
813
841
868
878
898
887
877
891
831
871
1685
1655
1611
1334
1309
1284
1175
1156
1136
1118
1034
1019
465
448
431
414
397
426
423
402
609
609
900
603
637
671
699
716
744
687
799
746
746
877
798
798
847
836
831
831
1687
1678
1627
1613
1353
1327
1223
1150
1130
1109
1091
1006
990
975
421
404
387
370
353
371
385
388
565
567
605
619
647
675
703
687
721
746
746
746
798
798
798
798
810
831
831
1687
1690
1627
1536
1396
1426
1346
1320
1118
1100
1082
1061
1048
962
947
933
377
360
343
326
308
337
342
370
522
559
559
598
625
653
680
687
687
746
746
798
798
796
786
776
834
824
814
804
1627
1522
1522
1387
1453
1470
1487
1505
1057
1044
1031
1018
933
919
904
889
333
316
299
281
310
288
317
312
550
556
584
611
638
666
687
687
687
687
785
775
765
755
745
735
793
783
700
700
753
1504
1387
1480
1497
1514
1533
1027
1018
1003
989
975
890
874
855
306
289
272
254
258
256
272
270
451
505
487
470
453
435
679
687
687
765
631
631
734
724
714
704
762
700
700
618
1662
1655
1489
1506
1523
1541
1559
1577
989
975
963
948
930
848
830
814
262
179
227
210
200
217
227
270
407
461
443
360
360
360
283
284
301
416
445
607
631
631
673
663
700
663
618
1662
1662
1499
1516
1532
1550
1568
1586
1604
1621
958
940
922
904
820
803
787
235
179
179
179
166
188
171
80
125
363
416
360
360
360
244
263
244
301
438
475
475
561
607
631
691
618
618
676
1668
1643
1522
1540
1558
1576
1594
1612
1630
1648
932
914
896
878
859
776
759
740
721
173
156
139
122
144
80
110
149
389
360
357
258
244
244
263
301
430
460
475
475
561
602
660
618
618
679
718
747
1534
1567
1585
1603
1621
1638
1656
1674
1692
887
866
849
832
815
733
713
691
146
129
112
95
79
49
44
176
288
346
330
254
244
244
301
393
422
452
475
475
520
561
596
617
637
665
697
726
1534
1593
1611
1629
1647
1665
1683
1701
1719
1733
838
822
805
790
769
691
669
643
102
47
47
48
66
18
57
265
248
302
246
244
244
301
385
415
444
475
497
509
542
571
600
630
660
665
665
1534
1534
1638
1655
1673
1691
1709
1727
1744
1762
1780
794
788
767
746
723
650
624
599
574
43
26
8
9
6
62
216
258
244
263
301
348
377
386
416
445
461
503
509
610
618
578
653
665
665
1534
1534
1664
1682
1700
1718
1739
1756
1772
1789
1807
785
764
743
729
704
679
653
581
555
529
1
18
36
36
36
162
205
213
259
289
319
349
378
408
438
461
461
509
642
650
658
646
578
665
1534
1534
1690
1708
1726
1750
1763
1781
1798
1816
1833
1851
740
733
710
687
663
636
610
540
513
486
43
61
95
124
163
193
213
213
279
279
279
370
400
430
459
461
509
673
681
690
698
665
665
1681
1699
1717
1745
1757
1773
1790
1808
1825
1843
1860
1878
1902
715
691
672
646
620
593
568
541
511
447
417
388
357
327
296
261
301
331
345
333
279
392
422
1363
688
696
705
713
721
729
741
751
3066
3058
3058
1764
1782
1799
1817
1834
1852
1869
1887
1906
1930
1960
1985
656
629
603
581
555
527
502
473
443
413
383
353
294
289
305
335
345
345
355
1363
1363
1363
1351
728
733
743
753
763
772
782
3058
3058
3055
1809
1826
1844
1861
1879
1890
1910
1929
1952
1978
2003
2028
2054
586
569
541
514
494
465
435
410
370
351
331
311
270
270
345
345
345
1363
1363
1363
1338
1318
764
774
784
794
803
3058
3058
3053
3053
1853
1870
1888
1893
1912
1927
1945
1971
1996
2021
2047
2072
2097
555
527
514
486
394
382
382
382
376
356
270
270
270
345
345
345
1363
1363
1354
1321
1299
1283
805
815
824
834
3058
3053
3053
3042
3024
1890
1161
1912
1926
1938
1963
1989
2014
2039
2065
2090
2116
2141
2163
525
504
483
394
441
420
419
426
361
341
311
270
270
345
1363
1363
1342
1288
1269
1259
836
846
855
865
3062
3049
3032
3015
2997
2980
1161
1161
1161
1956
1982
2007
2032
2058
2083
2108
2134
2158
2182
549
528
507
486
465
444
446
453
470
488
506
523
345
345
576
1358
1257
1248
1238
1228
867
877
886
896
3022
3005
2988
2970
2953
1161
1161
1161
1147
1147
1147
2050
2076
2101
2126
2153
2177
2202
572
551
530
509
488
394
446
490
497
515
532
550
567
585
345
620
1227
1217
1207
1197
1187
908
917
2995
2978
2961
2943
2926
1171
1161
1161
1147
1147
1144
1143
2094
2119
2145
2172
2197
2222
629
575
554
533
512
491
500
517
534
541
559
577
594
612
629
647
1196
1186
1176
1166
1156
939
948
2951
2934
2917
2899
1187
1161
1161
1147
1147
1143
766
745
629
629
629
661
606
606
599
578
557
536
515
527
544
561
568
586
603
621
638
656
674
691
1155
1145
1135
1125
1116
2924
2907
2890
2872
1197
1176
1161
1147
1143
1143
789
629
747
726
705
684
663
642
606
602
580
559
538
554
571
588
605
612
630
647
665
683
700
728
910
1113
1104
1094
1085
2880
2863
1240
1215
1192
1165
1146
1143
1135
813
792
771
750
729
708
687
666
606
606
604
583
720
702
685
666
648
610
656
674
692
709
734
769
902
931
961
1063
2836
2824
1233
1208
1181
1121
1126
1126
837
816
795
774
753
732
711
690
606
606
606
606
747
729
711
693
674
610
683
701
718
740
769
864
893
923
952
2793
1265
1251
1226
1098
1089
1069
1050
858
839
818
797
776
755
734
713
606
606
606
785
769
753
737
719
701
692
710
726
746
769
769
856
885
915
944
1236
1218
1200
1083
1064
1044
1025
858
858
842
821
800
779
758
737
606
695
795
795
795
781
765
745
727
719
732
750
765
790
819
847
877
906
1174
1154
1038
1019
1000
908
858
858
845
824
803
782
761
740
795
795
795
825
795
830
857
899
910
750
759
769
817
820
839
1129
1109
938
974
931
910
858
908
926
945
964
785
921
903
886
871
851
795
851
874
903
924
946
769
769
845
860
1085
988
976
938
934
858
934
952
971
990
1008
948
930
913
896
876
857
838
878
925
947
969
987
858
873
988
1016
938
936
959
978
997
1015
1034
975
957
940
923
906
889
862
926
948
970
992
1012
1057
1113
1139
1004
1023
1041
1060
1002
984
967
950
933
1206
1212
1224
970
997
1190
1233
1067
1086
1016
1011
994
977
1180
1204
1226
