916
839
849
875
875
875
875
875
1680
1621
1667
977
946
930
872
815
835
856
792
875
875
875
875
1680
1680
1671
1621
1621
916
916
930
894
878
863
847
811
831
852
872
875
875
875
875
1680
1621
1621
865
865
950
903
916
913
855
885
890
875
854
843
787
807
827
848
868
875
875
875
1680
837
860
865
865
929
952
975
858
878
872
832
854
884
887
863
845
822
762
783
803
823
844
864
875
860
860
815
839
862
865
908
931
950
973
819
801
813
793
817
851
883
883
849
825
798
738
758
779
799
820
840
860
840
831
794
817
841
864
887
906
929
952
976
838
813
792
778
757
770
788
728
731
731
828
805
780
760
680
754
775
795
816
836
809
793
736
796
819
839
880
859
935
857
784
784
784
803
803
794
769
747
733
712
726
704
681
731
721
693
757
736
680
730
750
771
659
683
706
752
736
775
794
818
948
929
909
857
824
784
784
784
857
847
774
750
726
703
689
667
680
658
727
701
641
684
703
680
680
680
616
622
622
685
708
731
729
729
797
820
905
884
824
824
784
784
784
911
892
857
797
729
705
682
658
644
623
636
614
684
641
633
642
663
680
571
594
618
622
664
682
706
729
729
729
857
881
872
824
784
784
784
784
784
955
936
917
845
795
752
728
661
637
613
599
578
591
522
577
597
608
608
527
550
573
597
620
638
661
617
708
729
922
922
916
824
816
784
784
784
784
784
784
974
962
872
854
788
757
706
685
617
576
568
554
533
546
552
573
594
427
506
529
552
576
594
617
617
617
616
630
653
677
700
723
746
769
817
837
858
879
879
1028
1005
890
866
845
815
785
718
677
642
609
551
525
494
489
468
447
389
389
485
508
531
550
573
597
617
535
535
535
632
655
679
702
725
748
841
861
879
879
879
879
1062
1090
1124
845
822
806
766
740
694
643
609
656
508
478
465
444
389
389
427
464
482
505
529
552
575
517
535
535
535
614
634
657
681
704
727
865
879
879
879
879
879
1041
1108
1111
1121
1169
1232
791
763
736
690
677
632
682
682
415
433
421
389
389
419
424
424
424
508
531
418
496
519
535
535
591
612
636
659
683
706
879
879
879
879
879
879
879
1023
1042
1133
1167
1192
1217
784
764
744
707
746
747
747
727
754
373
372
340
346
391
377
377
456
433
351
351
475
498
522
535
568
589
611
638
661
685
879
879
879
879
879
879
879
1028
986
969
1155
789
790
790
788
769
707
769
793
747
788
756
373
369
320
265
394
377
459
436
440
407
431
454
477
500
524
535
535
535
535
535
535
686
879
879
879
879
879
879
976
959
942
865
794
763
736
705
834
849
788
814
531
519
460
436
328
303
263
235
462
439
440
425
351
351
433
456
479
503
526
535
535
535
535
535
535
689
879
879
879
879
879
985
955
925
915
828
798
768
737
707
661
878
908
568
538
508
473
373
347
292
235
220
196
172
394
409
365
388
412
435
458
481
505
528
535
535
535
535
535
667
879
879
879
879
999
927
989
959
929
899
871
835
808
778
747
778
681
648
571
548
444
416
391
365
292
223
199
175
151
127
350
345
351
351
239
437
460
196
196
196
196
535
584
990
914
914
990
990
990
999
927
994
964
933
903
890
835
812
782
747
693
726
603
592
485
455
430
409
384
227
129
102
155
67
107
66
306
282
198
196
196
196
196
196
196
196
990
990
990
990
990
990
999
999
1028
927
998
968
938
965
928
916
809
783
753
723
693
637
528
506
455
445
417
402
207
116
85
57
36
36
46
90
262
239
196
196
196
196
196
196
284
990
990
990
990
990
999
999
999
1007
1031
1061
1034
1007
979
902
887
820
791
733
706
596
572
889
917
928
928
431
197
143
111
79
47
15
7
27
108
132
153
196
196
196
196
196
196
309
990
990
990
990
990
1000
999
999
987
1011
1074
1049
983
956
930
863
802
771
667
640
596
845
863
908
928
928
197
197
197
197
105
57
36
36
53
88
113
177
200
242
196
278
297
316
319
990
990
990
984
966
998
996
999
927
927
1065
1026
999
898
979
844
736
709
683
773
800
827
847
855
928
928
197
197
197
197
197
170
126
99
61
61
61
153
224
243
285
304
319
319
319
990
990
977
958
940
945
975
1032
927
971
1052
1065
890
921
805
778
752
791
733
733
733
733
837
849
855
197
197
197
197
197
191
162
141
105
61
61
61
177
250
269
311
319
319
319
319
319
914
914
914
914
896
986
903
927
950
955
928
902
830
820
752
752
733
733
733
733
733
733
733
851
197
197
197
197
197
183
105
105
105
61
61
61
177
279
296
313
354
319
354
319
354
445
761
786
888
870
835
884
908
927
936
905
853
830
809
752
752
733
733
733
733
733
733
197
197
197
197
197
197
175
105
105
61
61
61
61
177
306
321
321
357
398
354
354
354
717
742
766
791
815
835
835
835
905
905
952
913
875
946
752
733
733
733
733
733
733
197
197
105
105
105
105
105
105
105
61
61
61
61
315
321
321
321
386
427
445
445
445
698
722
747
771
796
870
888
907
1031
905
980
940
957
974
990
750
733
1192
1238
1238
1238
1253
197
197
105
105
105
105
61
61
61
61
61
321
321
366
386
401
415
426
445
445
445
678
703
727
752
776
801
914
933
1042
991
1007
1024
984
1001
1018
1034
1051
1238
1238
1238
1253
1253
1253
1253
197
61
61
61
61
61
61
61
321
493
493
493
493
490
471
458
491
511
598
659
683
708
732
757
921
940
959
1019
1035
1051
1068
1028
1045
1062
1074
1238
1238
1253
1253
1253
1319
1319
1319
105
61
61
61
61
61
105
493
493
493
493
526
514
474
487
490
531
598
639
598
688
713
737
947
966
1094
1094
1094
1128
1056
1072
1074
1074
1232
1238
1345
1321
1319
1319
1319
1319
194
105
61
61
61
105
493
493
493
493
493
555
544
490
490
530
563
572
572
572
572
628
717
754
992
1094
1094
1094
1094
1109
1129
1157
1192
1237
1308
1315
1315
1315
1315
1315
1315
161
105
105
105
151
493
493
526
526
594
585
575
490
547
549
573
605
572
631
704
704
754
961
1094
1094
1094
1094
1149
1109
1170
1196
1264
1281
1297
1314
1315
1315
1315
1315
649
161
161
161
493
526
526
643
634
625
616
608
599
549
549
603
635
648
704
754
704
754
941
1094
1094
1127
1180
1198
1171
1215
1238
1254
1270
1287
1303
1315
1315
1171
650
526
526
493
526
526
650
650
650
650
650
639
630
719
619
632
645
674
704
752
754
896
1119
1127
1202
1224
1250
1234
1238
1242
1243
1259
1276
1292
1171
1171
670
670
526
526
670
670
670
670
670
677
687
701
788
761
704
689
673
706
724
854
852
1127
1202
1219
1241
1267
1293
1311
1238
1242
1242
1248
1265
1281
1171
670
670
526
670
670
673
681
681
681
697
701
830
804
786
722
690
703
705
748
805
832
1218
1238
1258
1284
1318
1337
1358
1379
1383
1383
1242
1254
1270
670
670
679
681
681
681
681
901
901
899
873
848
820
778
761
705
705
744
758
824
1275
1326
1345
1361
1382
1383
1383
1383
1383
1242
1243
681
681
681
681
681
685
906
906
915
907
887
865
877
775
768
705
744
744
1352
1364
1383
1383
1383
1383
1383
1383
1383
1242
681
681
906
906
906
906
916
926
926
887
922
902
894
775
839
839
839
1383
1383
1383
1383
1383
1383
1383
1383
1367
906
906
906
1367
1367
1367
907
887
887
887
887
887
918
918
918
901
1383
1383
1383
1383
1383
1367
1367
906
1367
1367
1367
1367
1367
1367
1367
923
887
887
918
918
918
1383
1383
1383
1367
1367
1367
1367
1367
1367
1367
1367
1367
1367
1367
1319
902
902
1367
1367
1367
1367
1367
1367
1367
1367
1361
1351
1319
