1094
1094
1106
1142
1114
1105
1104
1110
1122
1167
1176
1341
1094
1094
1094
1094
1094
1110
1081
1073
1085
1119
1122
1141
1140
1056
1128
1128
1341
1341
1341
758
1076
1076
1094
1094
1094
1067
1041
1008
992
984
975
1103
1056
1082
1102
1056
1056
845
825
802
781
762
671
1076
1076
1076
1116
1111
1026
1008
1008
957
935
950
992
1022
1147
1117
1056
1056
1102
1138
866
839
815
792
772
758
671
671
1076
1076
1076
1083
1036
984
975
888
918
918
989
1019
1139
1110
1075
1056
1028
1028
1177
892
862
833
805
781
758
741
671
671
671
1076
1036
1076
926
951
927
867
890
910
867
914
1132
994
1037
1022
1027
994
987
1245
953
944
892
859
824
793
766
742
671
671
671
671
671
710
885
885
919
925
848
859
867
867
867
994
994
994
989
978
967
964
978
988
1005
983
994
987
891
855
813
776
745
721
701
671
671
671
671
692
860
860
885
855
817
791
791
791
863
990
979
969
958
947
936
905
905
973
988
1019
953
919
893
862
832
801
762
735
685
676
641
671
710
710
710
730
860
854
868
786
791
791
791
791
849
849
938
924
918
914
910
905
947
974
1038
944
913
879
853
823
792
762
726
685
685
641
656
671
689
752
710
798
798
821
817
753
761
767
774
781
849
849
849
849
886
849
968
938
905
944
1033
1053
974
944
913
862
853
822
792
761
709
685
685
614
605
714
658
660
655
833
825
783
718
719
635
635
575
575
732
849
849
849
853
869
857
937
891
967
999
1030
1031
897
919
863
822
805
775
745
714
676
651
626
579
573
736
626
627
583
777
782
750
686
684
635
576
575
575
560
732
810
815
820
839
841
858
858
935
965
1000
1042
880
872
903
875
822
758
778
745
672
672
590
590
571
529
656
612
595
583
722
749
724
717
635
580
575
492
560
560
560
732
783
788
807
809
796
826
902
931
956
970
1049
844
838
802
767
709
709
671
613
688
666
638
610
572
510
625
590
557
559
554
726
690
700
618
575
575
492
492
560
560
649
732
755
766
787
793
794
871
900
942
970
1021
809
802
802
792
771
721
689
665
613
706
680
651
543
537
478
471
564
525
526
522
692
659
636
588
567
492
492
567
560
560
631
656
721
735
760
761
761
821
867
986
1013
962
979
828
840
786
768
744
714
710
613
613
599
580
518
482
505
446
439
521
490
474
474
660
624
639
555
538
492
512
566
560
587
613
699
688
674
680
680
729
806
834
1019
936
916
992
803
783
705
713
725
637
679
620
650
572
588
558
529
467
454
399
421
451
474
474
680
598
587
585
492
492
502
529
544
525
490
520
658
645
652
703
680
773
802
1038
1075
899
845
776
758
739
683
684
637
637
637
596
566
531
566
467
467
406
375
390
415
445
474
694
633
550
498
438
467
388
388
399
503
473
473
552
616
588
654
680
741
769
1073
1111
869
866
767
749
731
712
652
640
525
575
608
470
470
502
434
321
348
374
343
357
383
413
364
640
640
676
706
737
436
383
383
433
463
492
523
553
565
613
640
692
706
729
754
796
822
843
945
851
703
692
681
628
610
582
563
582
470
470
447
418
382
321
341
309
325
333
380
909
897
868
204
233
263
294
324
341
368
415
447
461
508
538
569
592
626
678
687
753
782
804
884
895
843
813
662
651
641
590
565
525
497
478
449
415
407
381
351
308
277
278
319
361
384
153
163
43
96
73
294
325
355
368
415
442
461
508
539
569
592
640
646
727
717
829
843
867
917
834
805
775
746
716
599
572
534
490
464
436
407
377
343
310
268
235
246
366
397
416
122
132
37
72
99
482
451
421
381
415
608
614
657
688
686
711
782
692
750
911
887
866
892
866
952
923
893
864
708
678
649
620
590
561
423
398
372
341
312
268
218
203
398
429
67
90
2
2
61
97
104
104
381
409
478
478
581
541
605
653
652
858
724
796
935
926
866
920
935
943
914
885
855
826
796
767
738
582
552
523
493
464
434
368
205
172
172
187
126
97
64
20
20
61
96
381
377
403
454
476
520
541
575
606
625
652
768
756
897
998
983
966
948
963
1839
1839
1839
847
817
788
759
729
700
670
641
611
455
426
397
365
335
304
275
236
100
110
41
55
92
131
348
344
375
422
443
487
516
516
606
662
690
794
757
876
922
955
994
1024
1055
1812
2471
2479
2430
2446
2476
2505
721
691
662
632
603
573
544
515
480
455
426
244
270
459
143
87
87
133
164
298
312
343
389
410
455
483
444
538
794
760
761
725
843
881
955
937
988
1018
1784
2439
2448
2411
2454
2484
2513
2542
2487
2532
2562
595
565
480
480
476
447
417
388
359
329
181
129
124
174
176
267
278
314
357
389
422
444
479
538
766
714
706
692
810
994
991
937
937
1018
2408
2417
2386
2432
2462
2492
2569
2473
2540
2570
2597
2597
527
542
542
536
536
473
331
361
215
239
284
182
211
241
271
300
357
396
403
403
478
517
526
714
659
660
778
1025
1025
1024
1024
2377
2341
2349
2400
2430
2459
2578
2432
2477
2507
2548
2514
591
542
542
542
530
473
373
244
247
208
252
322
351
375
411
441
338
461
394
426
456
465
515
549
602
627
745
1069
1085
1055
1024
2345
2310
2318
2386
2386
2485
2545
2409
2485
2514
2514
2482
591
551
591
553
524
494
464
426
280
282
285
429
429
482
536
449
479
503
537
567
463
493
522
552
582
606
727
748
1036
1006
996
2314
2285
2312
2364
2411
2436
2512
2376
2331
2395
2482
2482
591
591
591
586
601
473
492
308
311
370
427
456
482
482
544
574
603
630
656
575
600
634
664
693
590
619
648
665
706
736
969
2247
2326
2340
2380
2408
2480
2317
2344
2362
2451
2424
605
591
645
645
620
601
835
338
338
350
460
429
494
523
553
582
612
639
668
696
698
760
789
701
731
760
790
819
715
744
2190
2190
2169
2205
2422
2311
2331
2362
2397
2424
2424
680
743
678
678
641
641
802
338
338
387
497
500
537
548
577
607
620
651
679
698
739
768
789
789
789
885
914
803
857
886
2194
2169
2204
2235
2261
2293
2347
2362
2390
2439
743
763
741
710
684
732
770
415
417
419
456
507
569
1090
1128
1014
979
980
715
715
747
776
805
834
864
893
922
952
981
2081
2143
2157
2181
2235
2273
2311
2342
2428
2429
759
804
774
727
717
699
786
763
442
442
456
504
602
1034
1078
967
942
972
757
754
750
818
834
843
872
902
931
960
990
2120
2157
2181
2232
2255
2285
2313
2343
2358
1047
830
802
777
749
753
756
442
442
483
494
680
633
1006
1053
984
910
947
790
786
722
818
866
851
801
910
940
975
2126
2144
2265
2201
2247
2268
2294
1028
1028
1002
941
941
782
808
821
478
478
515
544
713
665
965
1002
899
878
833
816
816
944
898
899
900
889
919
1031
2070
2101
2297
2168
2150
2312
2330
995
996
932
889
871
813
817
853
516
516
542
555
740
695
931
963
946
894
894
854
887
923
930
932
933
934
1078
1058
2103
2134
2134
2150
2349
2300
968
965
935
889
890
843
830
862
857
859
582
605
774
727
910
936
977
919
919
887
928
949
963
964
966
967
1100
2092
2199
2230
2239
999
1008
1039
921
925
895
875
985
862
888
614
627
807
780
755
889
928
982
923
919
1016
1057
996
997
998
2012
1981
1935
1935
1920
1039
1089
1053
1014
911
953
929
922
647
659
630
776
795
863
894
937
955
971
987
1016
1047
1029
1854
1885
1902
1887
1075
1058
1014
970
944
947
927
944
679
692
743
773
803
834
864
894
911
937
984
1015
1104
1779
1839
1075
1044
1014
970
975
999
901
793
710
710
702
719
859
806
887
870
970
973
1011
1106
1092
1061
1015
1007
876
876
821
743
746
758
887
891
895
936
939
1001
1060
1026
916
853
853
776
778
791
951
906
906
