897
885
885
1092
1050
1052
930
916
886
887
839
977
955
925
894
859
878
896
1018
956
930
914
884
827
823
793
771
772
873
904
934
895
865
837
832
834
896
1019
956
910
891
860
830
800
769
728
728
792
758
790
790
750
906
936
891
861
827
793
793
720
1051
1033
876
855
825
795
764
734
695
695
758
744
804
853
783
753
734
750
708
731
731
668
753
770
720
720
890
861
847
800
770
739
709
674
676
678
744
776
806
831
864
861
714
714
730
708
686
731
713
709
726
624
697
701
889
859
824
798
767
737
706
676
640
608
640
692
692
692
916
940
936
891
891
748
703
683
685
663
604
659
682
622
624
645
653
702
732
808
717
677
643
633
608
608
636
667
692
692
952
953
916
954
972
1002
963
741
784
753
725
658
638
641
604
637
561
533
602
613
653
709
739
762
741
505
631
610
540
578
582
633
638
1038
1014
977
964
953
942
931
821
789
724
710
751
699
680
614
582
600
573
533
550
576
582
583
478
513
487
487
487
524
572
564
540
599
600
602
1080
1054
1007
993
963
930
889
829
818
880
897
681
667
706
655
611
568
548
472
509
521
527
553
500
442
491
476
529
546
366
541
485
514
566
568
531
1080
1055
1012
994
964
936
861
863
752
815
836
861
667
653
638
623
657
627
498
523
472
453
430
551
522
492
463
434
445
567
334
366
424
479
482
531
531
580
595
966
931
905
874
826
829
805
939
752
792
814
752
777
797
609
595
580
424
424
457
498
432
409
341
341
442
414
400
395
365
318
334
398
408
449
501
490
517
547
964
931
903
873
842
796
788
816
814
749
727
679
734
759
784
581
566
480
456
433
402
403
370
387
364
296
296
435
435
391
344
312
339
363
400
430
461
492
522
552
582
612
642
663
663
763
775
804
833
790
768
705
679
660
616
598
593
573
501
477
397
377
337
361
406
360
320
274
484
462
409
386
281
291
363
363
482
445
445
527
557
587
617
647
663
707
737
765
792
959
1224
1023
747
724
658
638
617
528
552
542
575
549
529
337
337
304
280
256
319
274
252
208
225
239
253
266
310
422
458
422
422
470
562
592
622
701
681
663
734
737
881
880
939
1206
1187
1190
695
675
616
594
551
548
510
487
507
472
492
306
284
260
232
194
228
230
208
195
210
355
310
353
381
422
422
422
431
431
596
663
669
676
736
763
750
849
846
933
1091
1162
1177
709
694
628
612
550
527
488
465
421
438
397
288
232
194
194
186
164
129
186
157
157
371
291
314
365
394
367
389
389
406
608
608
637
644
709
722
747
787
794
837
1126
1117
1321
1169
1122
642
584
562
506
482
421
429
399
339
385
385
135
215
193
141
119
121
142
194
222
249
249
354
339
367
367
389
431
431
601
606
648
684
713
745
775
794
837
1169
1145
1260
1301
1123
1100
1078
570
562
525
462
438
401
378
339
365
353
331
131
143
133
78
65
46
32
232
249
290
319
339
367
389
431
468
498
569
563
589
589
659
687
743
752
777
830
1189
1261
1230
1167
1100
1078
1056
1033
585
529
481
418
394
378
333
310
287
309
116
110
59
104
44
30
57
57
249
301
351
364
387
406
431
475
505
535
564
594
625
655
686
714
745
779
820
1305
1220
1203
1167
998
1056
983
983
983
538
442
437
398
351
321
288
265
221
265
59
62
41
16
21
51
22
51
360
375
407
437
441
485
529
560
566
593
614
652
667
712
750
714
781
852
1062
1089
1143
1167
998
986
1026
1026
1011
945
491
463
392
363
295
284
252
221
197
100
67
26
3
22
22
22
360
347
350
375
443
473
502
531
561
609
646
640
671
728
767
767
767
749
884
1062
1099
1123
998
981
961
1072
1060
1064
1088
860
444
464
335
342
312
221
162
162
129
97
41
15
15
47
51
271
314
318
271
325
366
366
436
473
530
537
567
593
739
654
687
717
747
774
1061
1020
1057
1046
956
936
805
1117
788
829
665
651
402
385
359
345
380
150
150
143
126
57
36
16
43
50
50
271
271
317
347
377
408
438
470
492
531
561
592
622
653
662
712
744
801
1020
1017
993
967
941
911
869
788
786
769
659
633
608
399
394
382
399
399
150
198
181
80
2
30
50
50
119
250
253
312
342
394
366
440
467
520
492
611
646
621
708
662
662
737
833
1020
997
975
949
923
870
852
834
757
740
712
615
590
564
539
442
445
448
209
221
242
226
17
45
51
50
119
217
189
189
431
426
366
442
556
553
622
625
675
670
741
690
750
854
866
1001
984
958
932
906
880
855
829
740
725
696
671
646
550
482
482
479
472
485
232
232
286
132
95
98
122
153
184
219
189
463
459
418
449
557
570
596
628
648
703
709
939
919
889
854
870
870
870
870
864
838
812
786
690
679
663
627
603
530
517
525
523
517
532
280
135
135
142
158
144
151
224
224
224
495
388
419
449
524
522
572
571
601
652
655
693
723
754
870
870
870
870
847
821
795
769
743
689
665
639
567
563
548
568
557
544
516
489
468
135
135
172
202
238
253
289
328
359
389
420
450
481
511
541
571
602
632
663
693
724
737
870
870
870
856
830
804
778
709
709
709
726
623
606
588
583
597
620
507
507
469
446
404
370
344
298
306
306
363
394
424
454
485
515
546
559
607
637
668
698
707
758
791
822
870
870
709
709
709
709
709
709
709
709
708
682
646
617
615
659
634
661
555
449
405
405
388
348
367
306
306
306
963
425
397
486
516
603
624
654
685
715
743
772
802
833
850
870
709
709
709
709
709
709
666
666
666
666
651
668
674
638
635
607
578
549
421
448
395
348
367
306
306
898
931
931
456
486
517
635
605
631
686
716
775
749
804
834
709
709
709
709
709
666
666
666
666
666
666
688
717
703
644
623
628
567
538
509
481
477
1044
367
959
928
862
898
838
807
670
669
667
666
605
663
717
807
806
806
906
709
709
666
666
666
666
666
666
666
663
688
726
762
780
669
636
679
702
518
513
1044
1028
974
958
927
897
862
836
806
776
745
700
735
766
796
826
840
837
913
709
666
666
666
666
666
666
666
666
657
688
726
726
728
728
701
637
586
537
557
537
604
966
966
946
915
881
854
824
793
763
729
755
786
816
847
870
899
930
709
666
666
666
666
666
666
666
651
688
688
728
724
714
687
659
631
583
571
602
629
656
663
881
881
914
854
823
767
729
763
729
729
816
847
904
870
709
666
666
666
666
666
666
651
688
688
724
724
639
672
637
616
604
554
619
645
667
670
670
881
914
853
801
800
798
796
794
882
882
940
937
2635
708
666
666
666
666
666
651
688
688
639
639
639
637
629
609
554
616
704
702
689
678
678
914
914
914
822
822
822
822
853
882
913
944
967
2225
726
666
666
666
663
688
688
639
639
639
637
637
615
609
609
609
704
704
704
704
691
678
914
822
822
822
822
1080
915
915
945
983
726
688
688
688
688
639
639
639
637
637
628
609
609
609
609
704
704
704
704
704
704
692
822
1037
1037
1058
1037
965
960
1693
1679
726
726
724
639
637
637
637
613
609
609
609
609
704
704
704
704
704
704
704
1037
1037
1037
1037
1035
1007
1679
1673
1673
1639
1639
639
637
626
609
609
609
609
609
704
704
704
704
704
704
1037
1037
1037
1037
1037
944
1673
1636
1636
1639
1639
1598
609
609
609
609
609
704
704
704
704
704
704
1037
1037
1037
1037
1635
1635
1625
1595
1576
1576
704
609
609
704
704
704
704
704
704
1037
944
1576
1576
1576
1566
1437
1428
704
704
704
704
704
