886
875
844
844
788
800
809
817
851
873
905
888
914
891
839
844
777
763
766
782
794
811
835
864
873
873
1042
1050
888
888
888
874
848
806
777
765
742
718
754
770
785
854
871
873
874
1063
1079
1090
1090
1028
1028
888
888
884
858
832
788
767
744
721
641
726
742
757
910
888
877
877
1074
1090
1126
1145
1159
1134
1015
1028
1028
1028
726
743
792
792
792
805
723
699
641
698
714
729
926
910
888
883
1090
1211
1188
1164
1162
1159
1159
970
991
1012
1028
1028
720
724
731
748
764
739
746
678
641
671
641
701
926
926
910
1275
1254
1232
1209
1185
1162
1162
1386
1380
920
920
945
914
891
869
715
715
715
715
722
736
710
725
643
627
619
618
618
617
1340
1319
1298
1277
1257
1222
1206
1183
1418
1414
1409
1346
1381
920
920
920
915
893
870
847
824
796
707
849
703
680
654
596
643
589
600
607
607
1364
1356
1343
1322
1301
1030
951
958
1467
1466
1458
1440
1394
1410
1426
1008
990
972
894
871
848
825
720
720
806
821
667
663
637
596
615
559
569
579
589
1390
1379
1368
1030
1030
1028
951
936
958
966
1467
1467
966
1437
1454
1052
1034
1016
998
872
849
826
803
778
720
778
793
517
517
517
572
518
527
541
550
558
1416
1409
1398
1030
1030
1007
951
887
887
959
966
966
966
1461
1478
1500
1097
1079
1060
1042
1024
850
828
807
783
759
720
749
645
517
517
517
496
489
489
443
443
1416
1416
1416
1416
1030
951
986
962
938
887
937
959
966
966
966
1491
1516
1544
1123
1105
1087
1069
1050
829
720
720
720
720
717
691
645
566
550
510
482
443
443
443
355
355
1416
1416
1416
951
951
832
853
919
887
915
887
960
966
966
1505
1540
1564
1141
1141
1131
1113
1060
1048
1036
823
807
792
777
761
645
645
614
578
496
430
424
419
355
355
355
355
1416
745
766
787
808
829
849
870
887
887
887
887
887
966
1611
1619
1627
1703
1146
1144
1114
1072
1048
1028
1005
836
820
805
685
700
685
622
595
407
335
393
384
355
355
355
355
355
722
742
763
784
805
826
846
867
887
887
887
887
966
1628
1620
1611
1686
1703
1146
1146
1116
1085
1055
1020
992
862
848
760
744
729
666
651
595
285
308
333
354
355
355
355
355
483
698
718
739
760
781
802
822
843
864
885
887
887
1562
1564
1567
1569
1572
1674
1146
1146
1146
1118
1090
992
1005
968
949
862
762
762
709
694
679
263
273
287
310
331
400
417
435
478
509
674
695
715
736
757
778
799
819
840
861
882
887
1507
1516
1524
1532
1540
1464
1146
1146
1146
1007
1004
997
989
959
928
904
821
753
738
722
707
252
252
264
289
143
427
444
473
497
527
650
671
692
712
733
754
775
715
715
715
858
1478
1478
1484
1492
1501
1509
1402
1146
1038
1038
1035
1031
1027
1023
915
901
880
856
770
766
751
736
238
234
227
150
141
103
468
492
519
544
626
647
668
689
693
706
715
715
715
715
715
1474
1473
1473
1472
1471
1470
1459
1402
1402
1146
1038
1038
1038
1038
1038
901
882
807
807
807
770
770
135
142
142
164
171
132
103
68
511
536
562
602
569
649
677
697
715
715
715
715
715
715
1441
1441
1440
1439
1438
1438
1437
1434
1402
1334
1334
1038
1038
1038
1091
1088
901
821
807
852
836
770
770
78
78
82
142
126
147
86
67
5
554
569
605
633
661
689
712
715
715
715
715
715
715
1270
1402
1403
1404
1405
1406
1408
1426
1390
1367
1334
1187
1167
1149
1128
1117
929
913
896
880
863
807
770
78
78
78
82
94
94
55
42
23
4
5
569
645
673
701
715
715
715
715
715
715
715
995
1270
1370
1371
1373
1374
1375
1392
1334
1334
1325
1305
1189
1172
1153
1130
956
940
924
907
891
874
1371
78
39
39
39
39
38
35
16
2
5
5
629
657
686
740
746
715
715
715
715
715
715
1000
1270
1338
1339
1340
1341
1270
1519
1487
1321
1301
1280
1209
1206
1178
1000
984
968
951
935
918
1371
1359
1359
39
61
43
28
45
15
5
5
5
5
830
810
784
770
778
784
789
794
715
988
989
1010
1039
1258
1270
1307
1270
1270
1523
1467
1443
1276
1256
1235
1238
1044
1028
1012
995
979
962
1360
1358
1352
1359
1359
41
41
36
21
36
36
19
5
867
852
831
802
715
811
816
828
890
948
986
995
1020
1049
1074
1245
1260
1270
1308
1475
1413
1413
1400
1233
1202
1190
1073
1055
1039
1023
1006
990
1273
1325
1340
1359
1359
56
41
56
35
40
40
19
19
894
880
864
821
830
839
850
874
912
949
984
1000
1029
1058
1084
1217
1232
1247
1322
1454
1431
1302
1302
1346
1189
1168
1144
1083
1066
1050
1206
1236
1266
1300
1320
1298
1359
41
41
56
2380
2380
40
19
904
904
904
904
839
839
855
869
892
920
951
982
1010
1039
1068
1095
1193
1198
1139
1233
1433
1410
1302
1302
1293
1170
1107
1107
1107
1138
1170
1199
1229
1259
1333
1298
1412
1412
56
2374
2374
2338
2325
2319
904
904
904
904
904
843
855
864
880
907
925
953
981
1020
1049
1078
1107
1159
1139
1139
1139
1389
1365
1330
1274
1249
1171
1154
1107
1107
1107
1138
1222
1252
1360
1381
1411
1412
1412
2338
2338
2333
2310
2308
2308
904
904
904
904
855
858
880
895
907
930
955
979
1030
1059
1090
1118
1139
1175
1200
1337
1356
1279
1206
1197
1205
1181
1107
1107
1107
1138
1215
1360
1399
1360
1360
1412
1412
2337
2277
2278
2278
2278
2278
904
904
904
855
855
878
883
907
915
935
957
1010
1039
1068
1101
1130
1139
1191
1218
1431
1302
1337
1261
1243
1206
1235
1192
1175
1107
1178
1448
1439
1430
1360
1360
1360
1360
1412
2245
2245
2245
2245
2246
2246
904
904
855
872
2026
2026
2026
2026
2026
958
1020
1049
1084
1113
1139
1139
1240
1250
1417
1389
1302
1301
1269
1250
1267
1270
1274
1138
1488
1479
1470
1461
1452
1443
1360
1360
1997
2212
2212
2212
2213
2213
2213
904
904
904
2021
2026
2026
2026
2026
2026
2026
1030
1059
1096
1124
1139
1139
1271
1281
1375
1348
1312
1284
1276
1300
1303
1304
1304
1493
1493
1493
1493
1484
1475
1466
1997
1997
1997
2181
2180
2178
2176
2080
2080
904
1979
1990
2001
2012
2022
2026
2026
2026
1680
1663
1647
1487
1139
1293
1299
1380
1356
1375
1420
1448
1304
1304
1304
1304
1556
1493
1493
1493
1493
1493
1986
1997
1997
1997
1997
2147
2145
2143
2080
1927
1938
1949
1960
1970
1981
1992
2002
2013
1692
1680
1663
1643
1628
1485
1478
1465
1361
1361
1422
1456
1487
1512
1534
1556
1578
1493
1493
1493
1493
1493
1958
1973
1988
1997
1997
2114
2080
2080
2080
2080
2669
1926
1929
1940
1951
1961
1972
1983
1692
1690
1666
1639
1615
1506
1484
1361
1361
1375
1375
1505
1534
1556
1578
1604
1627
1493
1493
1493
1886
1921
1944
1960
2028
2056
2080
2080
2080
2080
2662
2669
2680
1907
1914
1921
1931
1941
1735
1721
1707
1673
1630
1601
1531
1505
1399
1859
1859
1534
1556
1579
1601
1625
1653
1678
1699
1849
1867
1891
1916
1936
1947
2094
2109
2080
2080
2080
2662
2669
2686
2702
1896
1896
1869
1840
1811
1752
1736
1722
1552
1552
1550
1837
1847
1857
1579
1600
1622
1645
1671
1696
1717
1741
1849
1872
1896
1911
1930
2147
2150
2080
2175
2262
2605
2654
2693
2704
2674
2644
1861
1831
1803
1774
1760
1746
1552
1552
1806
1816
1756
1600
1619
1637
1663
1688
1714
1737
1804
1826
1849
1876
1901
1905
2169
2188
2217
2245
2267
2287
2605
2605
2639
2608
2558
2600
1823
1804
1785
1772
1552
1552
1552
1793
1819
1848
1870
1655
1681
1710
1734
1757
1764
1764
1826
1857
1881
2175
2211
2215
2229
2257
2284
2304
2589
2633
2633
2603
2558
2558
1814
1804
1785
1772
1552
1639
1857
1870
1870
1707
1731
1751
1764
1764
1764
1764
1764
2316
2280
2264
2249
2259
2264
2307
2328
2561
2539
2483
2478
2523
2528
2528
1804
1785
1660
1904
1870
1870
1751
1758
1764
1764
1764
1764
2361
2338
2316
2293
2275
2291
2302
2331
2457
2437
2403
2454
2478
2478
2478
2528
1804
1660
1934
1932
1751
1764
1764
1764
2453
2405
2383
2360
2338
2315
2307
2328
2330
2454
2403
2403
2393
2372
2351
2330
2310
2289
2268
1967
1764
2466
2466
2454
2443
2405
2382
2360
2337
2367
2364
2361
2359
2403
2390
2369
2348
2327
2307
2286
2466
2466
2467
2471
2428
2404
2382
2359
2406
2399
2392
2391
2387
2366
2345
2324
2303
2503
2456
2473
2403
2436
2436
2432
2422
2412
2363
2342
