1334
1342
1352
1358
1466
1484
1503
1521
739
758
777
792
768
740
1373
1379
1384
1390
1440
1458
1476
695
714
732
751
770
788
807
819
795
772
748
720
696
1395
1404
1410
1419
1432
650
586
688
706
725
744
763
781
892
954
900
822
798
775
751
725
701
676
652
1404
1413
1417
1419
586
586
662
681
699
718
737
892
891
867
931
907
944
926
802
778
754
730
706
681
657
641
631
1413
562
581
586
586
636
655
674
692
892
892
870
846
822
799
863
989
970
951
781
757
735
711
686
662
641
631
625
483
483
555
574
586
610
586
648
586
685
874
850
826
802
778
754
820
1051
1032
989
1036
1054
1084
740
715
691
667
642
624
613
492
483
476
529
548
566
608
633
657
680
704
690
829
805
782
758
734
667
724
743
1096
1077
1058
989
1060
1081
1105
1105
696
671
624
607
596
586
492
481
456
503
522
540
559
652
677
700
693
669
645
785
761
737
714
680
699
717
667
1121
1103
1084
1065
1046
1101
1105
1105
1105
597
587
576
566
508
485
461
450
477
496
515
533
672
697
697
673
649
625
580
599
617
636
654
667
667
667
1166
1147
1128
1110
1091
1072
1105
1105
1105
577
567
556
545
539
527
428
441
415
451
415
489
415
693
700
677
653
629
605
581
573
591
610
628
647
666
788
807
1200
1192
1173
1154
1135
1117
1098
1105
1105
1105
546
436
541
539
535
366
406
397
407
437
415
415
509
474
680
656
632
608
585
561
500
566
584
603
621
640
763
782
801
1236
1200
1250
1275
1299
1324
1346
1105
1105
545
544
366
366
366
366
366
366
366
361
457
481
505
474
474
474
468
612
588
564
540
500
540
558
577
595
676
737
756
776
1276
1262
1200
1269
1294
1319
1343
1366
1390
1414
1438
528
524
517
445
439
432
412
336
326
317
502
526
520
474
472
448
422
440
459
477
496
530
558
578
673
676
712
731
750
769
1276
1276
1269
1289
1313
1338
1363
1386
1410
1434
1458
554
535
524
517
455
451
441
305
295
286
276
523
499
474
452
428
396
331
433
451
470
543
573
597
655
687
687
687
725
1636
1350
1331
1474
1484
1484
1332
1359
1383
1407
1431
1455
1479
1502
561
542
524
510
484
471
274
264
260
257
474
474
456
432
408
331
388
407
425
444
463
593
617
623
642
662
687
1591
1611
1631
1394
1418
1425
1425
1425
1355
1379
1403
1427
1451
1475
1499
605
587
568
549
531
501
176
176
231
228
176
176
460
436
412
388
364
362
381
400
418
540
559
579
598
617
637
1547
1566
1586
1606
1401
1463
1462
1486
1510
1519
1399
1423
1447
1471
1495
1519
1543
613
594
575
557
538
176
176
198
176
176
195
251
263
282
301
319
331
331
331
495
515
534
553
573
592
1502
1522
1542
1561
1581
1521
1489
1441
1506
1519
1519
1519
1603
1467
1491
1515
1539
1563
638
620
601
582
169
168
167
166
165
223
247
218
169
256
275
294
312
331
331
470
489
509
528
547
567
1482
1497
1517
1537
1508
1515
1530
1564
1589
1554
1550
1574
1599
1616
1616
553
720
702
683
664
646
627
608
34
135
134
133
132
243
267
239
169
230
249
268
287
305
383
445
464
483
503
522
1472
1469
1451
1433
1416
1398
1404
1530
1530
1584
1604
1579
1519
1594
1616
1616
1616
553
626
727
709
690
671
653
634
34
34
34
101
100
5
243
219
169
205
223
169
261
383
383
420
439
458
478
497
1460
1442
1424
1407
1389
1310
1389
1639
1517
1643
1604
1566
1519
1614
1616
1616
553
553
553
618
637
716
697
678
52
52
34
34
34
5
5
5
142
160
175
203
228
252
358
375
411
414
383
452
472
1433
1415
1398
1380
1362
1310
1373
1659
1517
1493
1493
1493
1493
1616
1616
553
553
553
553
593
517
493
475
451
52
48
34
34
34
36
36
13
116
134
149
222
247
272
331
350
431
455
468
468
468
466
1310
1371
1310
1336
1318
1357
1372
1463
1482
1530
1555
1574
1574
553
553
553
553
551
525
500
479
455
431
20
16
12
9
5
1
2
23
86
92
92
92
266
291
297
297
426
447
460
460
460
460
1310
1310
1310
1310
1293
1275
1392
1437
1410
1550
1574
1574
1574
657
639
620
601
534
508
482
458
434
411
387
16
19
23
27
30
72
84
62
125
149
177
248
267
336
359
402
377
443
451
377
377
460
1310
1301
1284
1266
1249
1410
1410
1410
1410
1574
1574
718
718
664
646
627
516
486
462
438
414
390
366
343
45
45
45
62
137
106
62
62
168
193
207
207
248
374
377
377
377
377
377
377
460
1292
1274
1257
1239
1222
1091
1067
981
981
1574
718
718
718
690
672
681
499
465
442
418
394
370
346
322
84
45
45
94
101
100
62
250
231
185
236
248
207
336
377
377
377
377
377
339
377
893
894
1230
1213
1191
1072
1048
981
927
718
718
718
718
708
684
661
637
445
421
397
373
350
326
302
180
163
143
124
100
100
269
269
256
284
295
325
339
339
339
341
344
344
344
377
857
886
894
894
980
1157
1028
981
927
815
797
778
760
688
664
640
616
593
401
377
353
329
305
281
258
187
168
100
100
100
269
269
269
288
379
359
350
344
344
344
344
377
702
820
850
880
894
894
972
981
984
960
841
823
804
786
667
643
620
596
572
548
523
306
288
221
221
221
213
195
173
100
100
269
269
269
408
403
384
364
350
350
350
702
702
702
814
843
873
894
894
964
1024
965
927
917
849
831
812
647
623
599
575
552
528
503
479
314
221
276
258
221
221
202
100
100
100
269
431
433
434
436
438
438
658
688
702
702
702
807
837
867
894
927
957
1050
978
960
888
873
850
826
803
602
579
556
532
508
484
459
339
321
302
283
221
221
221
100
100
100
269
462
464
467
469
472
474
651
681
702
741
771
800
830
860
890
894
949
1004
938
919
852
829
805
782
758
558
536
512
488
464
439
365
347
328
309
221
221
221
100
100
198
492
495
497
499
502
585
615
645
674
702
734
764
794
824
854
938
942
982
964
945
831
808
784
761
738
714
516
465
446
387
387
387
373
354
335
221
221
221
100
100
522
525
527
529
529
548
578
608
638
668
740
728
702
787
817
847
970
974
990
834
811
787
764
740
717
693
670
490
472
453
434
416
387
380
361
342
221
221
100
221
529
529
529
529
563
566
529
601
631
661
772
779
751
781
811
994
1001
1016
998
790
766
743
719
696
672
649
516
498
479
460
442
387
387
387
368
221
221
100
221
529
529
529
529
596
599
529
529
608
655
804
811
817
824
804
1021
1029
884
769
745
722
698
675
652
628
605
523
505
486
467
387
387
387
387
221
221
221
320
529
529
623
626
628
631
634
637
640
829
836
842
849
856
863
1047
884
884
701
641
623
558
558
584
549
531
512
493
387
387
387
387
221
221
221
529
529
529
655
658
661
664
667
670
673
861
867
874
881
888
894
884
884
865
841
649
630
612
593
558
556
538
519
387
387
387
387
221
221
221
529
529
685
688
690
693
696
699
702
705
892
899
906
913
919
1041
869
845
693
675
656
638
619
558
558
558
545
387
387
387
387
387
387
387
529
714
717
720
723
726
729
732
735
738
924
931
938
945
1000
801
701
682
663
645
626
558
558
558
387
387
387
387
387
387
387
744
747
750
753
756
757
761
765
769
968
996
1023
1050
726
708
689
671
652
558
558
558
387
387
387
387
387
387
466
770
774
778
782
786
790
794
798
892
953
980
1007
734
715
697
678
558
558
558
558
387
387
387
387
387
798
802
806
810
814
818
822
826
830
892
938
965
723
704
558
558
558
558
387
387
558
387
536
831
835
835
835
835
835
835
854
854
854
558
558
558
558
558
558
558
581
835
835
835
835
835
835
835
835
889
558
558
558
626
835
835
835
835
835
835
835
