975
894
925
1018
1177
1156
1112
1112
1158
1182
1240
894
865
864
834
803
953
983
1014
1044
1075
1106
1136
1167
1192
1227
1267
1282
916
874
860
836
759
759
746
746
736
762
827
868
839
807
779
750
765
799
828
859
889
915
938
889
843
819
804
759
761
732
704
710
763
779
889
869
833
719
719
726
758
823
872
904
942
934
970
931
894
880
848
808
774
786
783
746
688
708
731
771
802
832
861
887
686
694
697
701
751
904
864
859
898
997
973
948
948
884
809
766
741
810
843
781
655
662
686
728
758
789
816
866
658
661
701
671
701
751
829
885
852
873
1044
976
981
942
909
811
780
765
727
708
835
866
622
622
613
686
740
771
801
626
620
626
712
671
796
751
751
799
855
824
833
878
924
1029
1013
944
921
871
846
822
791
761
731
676
692
732
771
590
580
515
556
566
516
516
587
594
676
651
679
712
755
755
792
792
810
878
908
913
976
980
872
872
900
852
822
757
710
710
644
623
580
516
557
548
502
556
565
505
506
555
561
634
608
664
668
708
723
737
774
822
863
894
934
1087
944
948
831
872
838
825
731
721
702
645
599
606
578
537
524
515
470
362
362
439
473
506
529
546
582
594
639
672
693
724
746
775
807
837
858
875
977
1051
912
875
866
831
808
775
695
650
709
645
579
563
525
473
482
459
437
362
397
428
447
491
497
542
557
587
629
648
695
687
699
747
761
811
878
909
915
941
910
876
850
821
791
835
755
692
663
631
602
544
544
526
495
449
475
405
353
352
410
427
459
464
535
536
537
629
648
668
667
784
753
716
811
906
947
947
1029
942
935
955
863
842
758
755
724
698
642
585
576
547
514
466
452
417
393
369
320
321
370
399
427
432
502
504
451
506
609
609
637
656
703
716
752
785
785
785
844
1010
907
893
908
945
815
744
709
692
722
676
636
516
514
479
479
419
384
359
288
288
288
288
374
394
399
451
451
431
487
535
627
604
631
722
702
732
761
794
821
842
977
986
856
860
892
939
783
656
658
659
697
567
567
483
482
446
486
386
352
327
255
255
255
211
341
348
354
423
423
487
440
489
568
571
668
643
651
627
728
765
766
817
817
936
908
824
828
741
746
751
591
591
627
559
522
522
451
449
417
365
349
313
294
256
211
211
256
287
309
315
368
389
429
440
489
514
524
568
614
661
669
698
733
713
784
738
838
804
792
795
670
714
718
560
592
591
582
518
488
439
421
384
384
321
287
265
190
190
191
259
280
296
304
367
389
427
437
488
501
523
547
576
638
628
684
699
738
765
871
832
801
758
726
705
670
625
560
560
562
480
459
412
355
384
351
304
289
259
272
158
158
158
158
248
263
271
273
290
386
386
425
457
475
486
545
578
599
692
693
709
682
792
845
849
776
710
689
679
649
596
563
527
500
470
448
417
389
352
312
323
291
208
184
129
109
109
134
215
231
201
201
291
287
372
478
438
438
478
523
545
566
663
645
677
647
824
792
813
721
721
721
678
654
616
576
562
485
485
427
425
380
320
320
287
201
200
184
201
122
93
93
157
198
198
217
258
288
263
339
490
406
405
433
488
507
530
530
615
642
672
696
747
781
689
689
643
623
593
583
543
457
469
454
385
385
340
272
272
255
149
118
167
97
82
58
58
77
100
166
170
170
248
284
312
422
374
374
411
462
442
501
501
571
565
616
646
677
749
617
669
643
621
590
551
511
434
431
432
344
360
316
254
255
223
133
133
135
93
68
28
44
77
90
134
117
168
215
230
274
290
320
350
373
394
440
463
500
531
546
591
622
652
716
617
617
587
557
502
496
465
436
389
375
345
314
277
254
216
184
162
132
102
71
42
15
15
32
66
105
117
166
197
227
261
287
318
348
378
395
421
463
499
530
561
591
622
652
681
651
621
590
560
529
500
469
439
392
378
348
317
278
256
217
185
165
135
89
91
47
23
32
33
74
104
146
164
463
225
293
257
369
371
437
437
421
508
549
587
601
590
787
760
683
622
640
592
506
504
501
471
392
429
429
387
356
393
327
265
230
230
192
141
124
63
55
52
184
195
195
174
174
444
431
323
332
386
403
437
437
519
541
542
614
614
614
787
722
788
676
676
701
726
532
502
472
441
469
455
425
411
441
327
289
259
259
196
160
191
108
87
156
182
242
174
211
174
414
402
354
363
373
436
452
454
572
573
519
519
662
671
614
689
773
744
720
745
745
627
591
502
501
501
501
403
434
384
358
328
290
290
334
182
195
226
115
140
175
277
240
243
247
334
363
411
394
381
468
479
527
605
606
607
608
693
702
711
720
724
724
724
724
591
627
621
591
518
532
477
457
496
526
361
327
327
269
222
213
170
153
176
221
240
272
272
288
303
394
402
430
426
495
516
551
590
639
625
625
724
733
742
994
994
724
742
712
627
591
613
549
549
522
503
560
522
393
360
362
306
276
238
208
185
159
187
196
272
308
312
531
425
432
457
489
533
495
538
625
671
625
625
755
764
773
975
971
742
742
712
699
668
619
608
618
653
543
504
489
418
391
391
348
317
291
190
217
190
190
404
377
334
334
494
510
464
474
468
565
540
628
659
704
705
800
803
833
805
955
938
896
794
759
728
713
660
631
600
578
575
504
495
458
425
427
356
345
314
246
249
252
325
345
386
371
376
424
454
484
520
546
598
597
627
657
737
765
796
820
825
835
910
889
854
822
728
712
660
648
693
736
831
527
629
490
492
448
476
331
331
308
271
271
322
345
410
384
407
411
453
510
511
582
631
672
684
656
769
737
737
808
808
951
854
881
822
772
765
732
705
676
721
788
622
586
545
525
498
456
427
385
315
313
333
364
390
415
465
438
438
573
542
547
614
617
667
715
799
801
803
1042
922
922
903
903
925
814
805
768
714
714
730
867
593
615
582
557
522
551
452
405
426
348
348
315
390
476
492
472
506
525
566
565
647
650
709
918
832
834
836
1030
922
952
928
957
851
819
804
757
757
814
835
869
635
586
589
543
564
503
472
458
390
378
604
574
537
516
502
513
554
582
612
622
664
733
737
865
866
868
967
954
962
977
879
860
841
803
789
827
861
869
666
618
622
587
563
525
629
477
412
390
390
584
555
525
532
543
626
636
658
643
715
719
832
845
899
907
954
958
914
875
897
834
811
802
759
742
712
666
644
619
622
689
597
521
445
439
433
580
638
598
599
573
585
666
697
676
762
795
825
845
884
935
932
932
856
856
898
856
884
785
788
826
683
686
645
668
714
576
509
476
506
549
579
644
606
595
604
612
670
699
727
777
795
795
845
965
967
978
898
925
898
871
865
846
816
787
757
713
673
699
645
679
539
492
492
681
641
666
695
676
638
644
681
712
743
773
795
795
928
952
993
988
907
865
875
847
791
780
745
702
734
665
618
588
540
569
599
628
659
669
715
695
679
681
706
953
905
893
868
1013
935
944
904
870
884
851
827
705
689
666
627
597
548
577
632
668
685
722
776
757
712
719
754
784
822
852
969
987
919
889
829
829
852
738
739
697
671
651
593
593
655
700
726
768
798
828
780
738
738
811
860
922
953
955
829
852
770
773
727
711
690
662
636
670
701
794
824
853
906
823
781
787
985
852
917
805
814
728
745
694
676
674
719
734
811
1023
994
965
963
837
841
805
764
774
743
711
726
763
828
1034
