1151
1051
1068
1036
1006
955
943
915
1178
1180
979
1152
1125
1050
1050
1034
986
986
992
953
936
895
877
823
823
979
955
901
1042
1087
1117
1125
1050
1050
1034
977
974
971
918
886
823
851
823
859
919
889
844
832
832
998
996
1076
1106
1103
1091
942
946
945
944
942
941
918
823
755
755
805
806
919
889
788
815
788
832
891
1019
948
948
984
1015
1042
1059
942
942
912
911
910
908
774
711
694
755
773
768
798
702
774
788
836
866
896
926
981
987
935
932
984
1015
993
991
942
942
883
881
876
839
782
768
692
692
741
789
798
702
745
702
1027
1009
979
945
932
1017
987
947
947
902
899
896
1065
961
959
908
914
869
866
854
826
782
764
735
692
689
843
686
702
727
757
791
824
854
884
887
857
887
953
991
870
919
919
870
867
863
1084
932
911
843
881
826
862
841
836
812
711
692
715
665
642
659
675
692
764
791
821
850
884
857
857
857
853
964
953
826
870
870
907
839
820
779
767
894
867
826
846
876
878
851
829
711
759
744
638
615
631
597
716
760
790
822
852
853
849
846
831
853
968
923
897
868
851
856
907
779
798
774
717
705
780
799
814
898
920
951
960
808
787
557
572
588
597
597
716
716
763
818
848
820
782
798
853
894
920
990
971
938
888
859
808
785
756
704
749
756
717
705
755
770
788
863
873
901
856
829
516
567
544
560
575
565
673
673
729
798
810
782
798
810
837
847
880
898
962
950
879
836
808
877
776
746
704
696
680
734
684
736
776
788
835
865
896
530
501
516
501
510
547
565
608
655
706
736
771
815
785
740
778
809
832
846
862
961
947
916
873
798
798
836
849
704
729
674
630
666
652
502
502
499
469
594
570
501
508
458
478
636
584
565
612
628
673
702
808
790
760
721
734
749
794
812
834
834
923
930
905
865
831
798
798
810
764
759
606
635
624
620
560
532
469
463
620
561
537
401
430
441
441
610
632
655
649
679
709
806
753
717
679
691
730
731
744
779
779
841
891
898
950
717
717
775
756
692
692
736
812
601
587
588
582
523
460
439
404
582
354
401
401
436
445
494
524
586
633
663
790
761
720
717
651
647
675
723
744
745
706
706
837
868
899
781
745
717
751
748
719
692
726
514
545
545
555
550
412
465
441
395
374
390
359
372
393
435
502
528
552
590
620
650
691
732
685
658
621
588
605
662
662
706
757
783
726
731
692
717
703
689
623
656
593
565
514
535
530
523
518
412
434
462
340
340
329
331
352
418
445
475
505
520
546
626
655
676
715
661
618
590
609
667
662
662
699
743
714
692
714
684
620
643
596
613
645
551
526
514
492
502
487
488
411
384
351
326
280
300
311
288
465
454
482
512
560
579
595
742
722
661
644
613
540
538
660
598
643
667
694
714
723
676
652
623
593
617
587
558
529
537
508
472
459
411
447
433
406
396
312
295
277
260
288
288
427
427
519
570
541
612
641
715
708
657
611
582
539
551
502
532
561
591
621
736
754
774
724
641
572
566
554
525
496
467
491
461
450
425
404
419
347
353
369
338
295
220
230
338
392
417
427
588
590
554
646
657
693
678
353
384
406
435
467
491
524
573
584
658
757
791
767
755
698
566
592
581
535
487
443
429
400
371
341
327
337
307
277
224
193
161
209
187
360
382
400
501
516
554
590
620
251
280
310
340
370
399
429
566
516
643
613
610
700
707
845
815
787
752
592
566
576
570
492
492
468
403
397
332
304
274
245
215
224
209
191
159
169
406
425
464
96
103
155
184
221
249
296
314
356
365
391
421
597
604
645
634
655
684
739
858
810
797
752
614
609
608
602
565
544
457
434
453
464
312
291
238
208
164
181
174
198
9
15
30
58
88
109
164
190
242
271
280
350
361
417
365
425
629
635
715
686
665
643
771
874
855
861
614
592
644
673
623
637
535
490
477
397
357
336
260
261
232
109
81
52
23
9
21
188
178
146
159
213
220
269
285
317
371
397
449
425
462
657
657
724
694
675
861
802
904
879
899
614
614
583
591
602
574
563
386
386
350
301
273
206
178
149
110
102
33
37
39
58
79
79
180
279
274
251
285
317
342
402
419
450
892
883
657
986
958
928
898
868
815
787
787
762
614
633
577
547
529
578
595
406
368
338
273
241
223
195
166
136
136
85
49
71
304
280
250
215
322
290
272
272
272
311
728
472
454
875
893
935
954
979
934
922
875
876
814
785
755
725
618
573
540
513
485
450
396
340
314
286
276
249
271
202
183
170
119
110
102
49
274
302
332
347
596
288
604
623
651
715
824
830
856
870
1079
997
1024
976
934
893
893
925
925
718
688
652
524
499
474
409
383
357
330
299
328
280
298
239
207
269
123
123
146
123
264
298
328
347
560
568
592
634
662
690
718
796
820
849
901
926
1044
1006
1015
900
899
895
977
618
621
543
518
435
426
399
440
411
453
355
361
331
356
224
250
230
173
171
202
236
208
323
347
527
545
771
706
685
703
731
767
844
860
882
915
989
1005
1045
981
867
894
924
607
587
561
674
474
508
527
502
473
443
410
367
350
325
280
259
211
223
255
208
527
452
438
483
500
808
794
719
719
668
745
760
788
827
851
906
956
977
1005
1009
728
686
655
607
675
700
633
505
560
574
518
493
467
430
466
412
336
269
296
211
279
245
293
318
493
452
456
472
837
503
754
754
602
671
697
697
831
851
895
923
953
979
1014
693
661
674
633
588
546
536
601
590
536
532
479
462
462
386
371
343
323
332
308
291
312
336
360
392
419
479
503
499
499
548
548
671
697
656
703
769
903
903
924
979
743
718
1086
1047
615
561
587
629
649
582
535
510
489
543
399
406
433
396
349
316
376
395
379
375
398
432
461
491
521
548
581
611
641
656
656
680
703
798
828
859
889
788
782
1031
646
608
673
601
662
591
564
660
513
497
445
435
437
432
373
400
418
407
429
439
398
467
432
527
523
548
586
616
646
676
705
735
766
796
827
857
799
837
687
649
638
702
720
640
605
631
600
545
500
475
487
496
467
397
432
461
488
522
498
527
494
494
537
611
598
590
620
651
680
729
745
773
804
810
866
929
718
679
745
736
769
863
692
671
600
571
546
504
517
499
438
438
476
503
501
529
558
551
516
494
653
641
628
864
855
824
794
772
758
786
810
838
720
710
756
773
828
854
703
654
644
595
544
546
556
528
469
469
514
524
503
533
591
610
557
584
683
987
958
925
869
864
773
806
836
859
860
736
756
786
816
774
744
714
684
662
566
566
601
580
553
512
505
567
533
533
596
790
628
596
620
695
724
757
786
798
876
798
773
866
792
866
793
823
853
869
884
708
678
648
616
618
609
620
587
543
548
582
610
640
677
710
738
629
619
744
740
740
816
811
806
803
1017
866
866
892
914
946
979
819
789
758
654
686
652
587
572
562
552
618
648
658
711
673
658
781
805
811
828
843
832
832
1017
1017
943
970
995
929
904
891
719
690
661
605
624
651
775
715
696
729
712
700
712
735
814
842
870
850
955
985
1016
1000
1012
1027
848
862
728
679
658
628
663
666
694
722
718
790
728
728
775
753
781
811
831
852
928
952
823
823
807
744
731
684
672
925
704
732
734
762
791
772
779
808
807
791
820
849
875
795
762
729
686
724
752
780
826
843
801
829
789
830
858
829
877
905
686
686
765
793
820
850
856
843
812
866
873
