853
834
828
893
911
939
985
997
1061
1031
963
957
925
827
821
815
796
968
968
1014
1001
1047
1061
1031
1000
954
954
887
946
925
917
903
884
792
783
764
758
777
812
843
873
904
934
897
921
836
836
830
824
974
982
905
886
900
871
836
706
752
718
747
748
813
844
874
905
935
933
897
860
836
796
812
842
873
993
946
912
888
852
847
836
730
706
675
693
670
670
690
845
875
906
936
897
802
819
782
731
753
795
791
866
933
906
921
917
857
851
821
790
760
727
697
662
692
671
1017
987
956
926
895
864
833
768
776
726
745
775
833
838
908
963
900
876
851
887
825
826
822
770
785
751
727
651
649
679
631
650
986
956
925
896
747
748
749
733
692
692
750
781
806
909
996
993
1007
991
878
842
833
807
788
802
774
730
743
725
701
614
602
603
606
606
631
955
924
733
695
695
695
714
662
692
711
765
797
876
862
890
944
978
954
927
893
826
791
760
722
711
706
663
650
650
549
556
565
565
506
456
456
456
500
500
500
680
654
628
663
683
733
737
755
830
922
906
941
924
873
880
888
868
760
762
722
698
673
664
628
603
573
545
537
577
504
475
442
446
500
500
500
574
564
598
653
657
701
742
760
782
859
880
1123
952
941
902
887
846
856
864
703
703
695
638
641
603
576
540
488
506
505
440
417
443
410
380
491
492
540
554
560
573
612
625
655
693
699
794
847
848
1106
1079
931
879
884
855
818
819
885
703
700
675
653
603
603
574
542
512
459
459
438
411
411
377
348
459
459
500
515
505
535
581
603
619
727
728
758
810
810
810
1015
869
892
820
829
817
785
718
688
694
667
662
602
577
574
512
506
452
440
461
434
404
378
345
380
414
426
469
497
486
511
579
597
627
676
676
826
793
782
1124
1075
1049
895
864
826
802
772
753
712
682
702
649
621
567
542
542
460
460
419
408
435
478
324
324
312
345
334
426
394
456
465
516
546
558
601
619
651
656
751
752
1119
1005
922
874
877
908
864
797
767
765
707
677
647
613
586
557
527
510
553
442
386
376
378
368
266
266
266
304
335
365
395
412
412
412
536
572
558
614
619
623
718
720
952
972
889
888
842
816
885
893
839
786
798
701
552
512
552
587
473
457
448
399
387
339
343
344
293
244
209
246
305
335
385
396
384
384
384
503
487
528
582
587
692
675
675
976
931
901
861
793
839
858
911
928
847
817
778
512
512
512
519
442
444
476
416
416
319
312
321
291
248
229
202
219
269
300
355
368
398
429
471
490
528
550
528
662
653
714
699
697
730
823
769
810
823
823
603
603
603
603
451
451
487
418
387
411
387
452
458
289
274
275
245
227
166
166
219
273
303
355
331
424
379
425
458
514
517
549
562
612
638
679
697
720
759
761
737
777
863
877
597
591
586
450
420
429
434
438
417
380
384
490
489
257
247
249
216
189
147
150
154
124
200
295
299
302
371
399
430
499
478
517
562
569
569
654
652
696
695
757
723
702
649
649
906
538
559
478
447
417
387
401
406
343
348
352
523
521
224
221
192
145
70
96
96
116
124
200
263
266
270
339
374
412
442
451
484
570
538
538
621
621
648
648
725
674
656
619
596
566
507
503
475
444
414
337
353
373
293
315
233
203
136
192
183
163
142
110
66
84
133
173
206
230
233
304
306
350
386
415
418
452
551
523
524
589
587
632
632
693
666
634
621
593
563
532
502
454
441
411
381
350
320
273
259
229
199
136
159
106
41
46
16
50
45
100
78
161
198
169
228
273
245
319
349
359
410
441
471
473
531
541
584
622
646
726
695
673
635
605
530
499
487
438
393
378
331
317
278
258
228
198
167
144
105
75
47
15
15
45
71
105
136
166
196
227
245
287
318
348
377
408
438
475
499
529
559
585
620
645
673
673
711
632
601
571
541
517
435
453
407
391
321
320
340
366
416
138
152
105
49
66
16
44
71
58
119
112
189
165
259
241
241
316
346
357
357
437
507
540
571
592
617
650
684
986
739
739
628
539
512
512
551
512
475
451
421
391
351
356
384
212
202
184
105
64
152
74
82
103
118
161
186
221
274
295
297
340
314
345
357
359
508
539
656
609
640
654
741
715
986
739
739
739
594
621
625
592
607
517
492
415
390
367
420
436
234
233
215
228
210
144
105
105
152
128
169
258
253
259
333
330
364
320
320
573
509
572
572
572
641
618
783
785
748
927
917
739
739
621
663
656
585
644
528
486
446
422
415
437
437
273
248
271
313
199
198
142
144
169
204
232
253
258
259
343
343
353
320
364
706
670
597
597
621
660
690
720
736
781
911
881
833
819
695
688
717
676
555
525
502
454
456
492
509
303
271
253
272
243
216
166
178
208
230
363
322
502
492
557
335
343
661
661
706
670
653
628
644
731
713
723
812
904
874
856
815
767
755
725
681
635
530
519
467
435
542
342
335
317
309
324
222
204
221
238
274
286
328
354
526
467
544
509
494
690
658
687
724
698
668
697
746
731
775
940
937
907
880
914
1013
1013
656
644
615
575
523
516
467
534
374
357
349
366
314
273
247
266
260
312
286
335
364
388
420
473
494
479
731
625
667
644
679
701
699
748
761
931
1096
1066
922
919
992
970
706
702
697
575
544
539
536
506
502
389
389
380
385
334
306
260
287
302
339
286
424
417
401
445
460
488
518
542
593
635
674
739
727
772
821
789
837
1062
1007
1013
969
790
768
729
710
739
539
586
544
479
455
434
421
380
380
325
313
287
316
320
320
340
455
528
481
468
525
497
525
542
584
607
642
662
700
772
783
1078
1013
976
936
897
922
729
766
710
631
625
618
556
525
475
469
454
448
363
313
346
313
368
320
554
528
488
509
537
489
556
700
590
609
591
641
680
677
724
735
872
1057
1020
951
897
879
851
798
775
663
657
650
592
539
481
491
486
489
459
386
378
370
400
507
537
525
518
529
545
582
597
662
624
634
644
689
714
785
757
761
834
840
990
887
826
809
817
775
754
690
667
731
587
537
518
544
503
451
403
392
418
444
536
542
542
546
589
561
784
730
745
649
664
727
721
862
832
778
794
832
863
1018
809
858
848
804
715
719
688
659
614
585
554
655
526
478
440
440
443
481
510
614
572
572
616
642
641
752
779
689
684
758
752
888
839
816
816
849
861
866
851
842
758
749
699
659
622
598
600
598
569
516
464
440
556
513
482
647
614
614
628
658
672
784
701
720
739
781
781
778
844
844
844
945
898
891
898
790
766
747
710
665
624
616
574
539
533
509
533
560
576
588
614
645
662
707
736
846
737
737
737
764
822
781
930
926
885
876
898
867
850
817
816
779
729
674
655
778
786
577
566
542
564
560
588
629
659
683
718
748
807
836
865
774
797
809
854
848
930
998
989
817
853
849
769
726
703
687
746
577
611
580
574
610
644
611
768
722
688
726
756
767
807
844
874
883
865
886
1161
1146
885
848
801
732
732
698
714
674
658
611
606
633
676
813
787
753
769
785
764
837
821
851
897
909
931
951
998
875
842
749
766
723
723
638
615
638
656
675
708
748
793
785
796
819
991
876
837
935
928
883
988
988
803
788
745
745
638
673
678
638
885
708
754
813
813
832
856
915
891
891
977
960
1012
814
845
712
673
706
673
852
889
887
847
872
891
930
928
928
1022
1018
775
738
779
820
826
855
870
905
915
945
976
