1427
1347
1320
1293
1267
1194
1187
1094
1078
1059
1007
1518
1496
1470
1389
1363
1336
1309
1189
1136
1158
1136
1008
1033
1007
1000
905
905
1428
1454
1518
1459
1432
1405
1378
1352
1325
1136
1084
1130
1115
1055
1029
989
970
905
905
905
895
1314
1384
1412
1528
1501
1474
1448
1421
1394
1368
1136
1084
1084
1084
1084
1072
982
964
945
905
905
888
799
850
1024
725
1288
1269
1562
1544
1517
1490
1464
1437
1259
1259
1239
1212
1185
1158
1131
1111
724
907
907
900
881
862
799
799
1003
983
718
699
680
1244
1225
1579
1565
1506
1479
1259
1259
1259
1255
1228
1201
764
739
724
709
698
894
875
855
799
799
798
779
877
938
1443
726
708
673
632
1218
1199
1550
1536
1522
1378
1351
1324
1297
1270
833
806
711
682
698
684
651
678
704
831
799
792
773
748
727
747
773
831
1487
1461
648
648
648
628
609
1173
1155
1507
1493
1393
1366
1339
902
876
780
753
667
653
639
655
593
662
688
715
772
767
745
724
644
731
757
784
816
1504
1478
648
648
639
620
584
565
1129
1111
1439
1409
971
945
850
822
795
652
638
624
610
626
593
645
672
817
763
743
721
644
644
714
741
768
763
1821
1810
1495
648
632
613
594
575
539
520
1084
1050
1014
987
843
833
819
804
622
561
561
561
561
593
593
593
843
858
719
698
676
644
698
710
737
762
763
1744
1770
1789
1789
1790
607
588
568
549
514
495
476
1050
1030
834
416
805
790
776
713
561
561
552
538
1021
613
924
897
874
576
602
654
626
668
695
721
745
763
763
1727
1753
1805
1813
1789
1813
562
543
524
505
469
450
431
412
342
369
416
761
713
713
553
467
467
509
494
966
940
506
533
559
572
599
626
665
679
706
727
753
763
1680
1736
1763
1789
1851
1866
1881
536
517
498
479
460
425
406
322
322
369
416
416
713
705
690
467
467
467
465
409
464
490
503
529
556
583
610
687
710
732
754
777
799
822
1708
1708
1708
1758
1880
2037
1965
1980
492
473
454
435
416
380
342
342
369
412
369
690
676
592
565
539
512
386
409
448
461
487
507
507
507
595
709
732
754
777
799
822
826
1680
1708
1758
1772
1787
2023
2008
1965
1965
1993
2020
2048
2070
390
371
335
343
368
271
369
662
647
608
581
382
419
392
391
418
445
471
498
507
507
709
732
754
776
799
821
826
826
826
1839
1708
1786
1801
1904
1874
1965
1965
1918
1978
2006
2033
2061
365
346
327
292
271
207
181
192
285
312
339
366
322
349
372
372
372
455
482
507
943
943
943
916
799
821
842
852
826
852
1810
1796
1905
1890
1876
1811
1884
1911
1918
1964
1992
2019
358
285
285
285
282
248
181
181
192
250
296
253
279
306
333
359
372
372
372
372
493
943
943
942
912
882
860
863
886
909
932
1781
1684
1763
1862
1847
1811
1868
1890
1942
1918
1977
2005
333
247
209
209
253
207
181
181
227
180
210
237
263
290
317
343
370
372
372
372
943
943
943
939
909
881
920
885
908
931
954
1767
1752
1684
1684
1773
1800
1811
1852
1878
1970
1986
2001
1990
250
209
209
209
209
203
160
125
136
112
67
67
67
67
67
67
67
87
372
372
943
943
943
935
980
963
927
852
930
953
975
998
1651
1724
1684
1730
1757
1784
1845
1874
1905
1905
2014
2029
383
357
277
250
250
248
158
132
111
97
62
56
39
67
67
67
67
67
87
205
205
645
650
943
982
982
982
927
928
951
974
1039
1005
1635
1661
1684
1684
1684
652
1794
621
1932
1946
2022
2043
400
373
346
320
210
188
138
107
88
62
49
39
67
67
67
58
58
58
58
205
205
645
650
982
982
982
927
982
980
1105
1085
1065
1005
1619
1645
1672
721
695
668
606
606
606
1981
2009
442
416
389
295
268
210
188
101
82
63
43
24
24
94
87
58
58
58
58
87
205
645
646
650
652
659
982
982
1169
1149
1129
1109
1042
1097
929
895
764
738
712
685
659
633
604
511
485
458
364
337
311
284
188
188
37
11
37
34
15
3
60
58
62
87
158
158
205
636
645
650
650
659
666
684
1173
1173
1173
1154
1134
1161
1148
912
882
781
755
728
702
676
548
575
528
433
407
380
354
327
301
210
37
37
31
60
27
16
34
53
34
62
158
200
206
223
626
640
650
659
673
692
646
941
966
1173
1173
971
1190
1161
895
824
798
771
745
651
579
579
569
476
454
423
396
370
343
317
60
37
37
60
60
83
69
60
64
97
143
180
211
223
223
606
631
663
681
700
646
629
879
879
971
971
971
1192
1161
892
841
814
665
665
711
639
544
518
494
550
502
526
539
515
333
306
454
207
60
83
83
123
92
104
121
121
190
223
249
562
587
611
689
707
639
621
603
879
879
953
971
971
971
971
882
857
665
665
668
613
587
521
494
494
570
594
547
519
440
440
385
385
454
209
189
168
147
258
273
148
149
184
243
518
542
394
394
646
632
613
595
585
879
909
934
958
1014
1034
1229
757
729
682
646
629
603
521
494
494
590
614
529
505
475
440
368
437
454
233
212
191
171
231
198
174
192
209
201
485
446
426
394
394
606
587
574
842
865
879
879
939
1039
1188
740
724
687
686
696
619
592
521
787
787
787
509
446
446
431
407
412
278
257
236
215
194
247
216
234
199
235
253
269
326
390
394
394
524
548
564
821
844
920
940
960
1000
1163
740
780
797
717
727
732
732
732
726
726
761
711
446
441
417
368
363
302
281
260
239
292
273
254
260
277
263
281
297
346
363
431
480
504
754
777
800
823
846
1003
995
975
955
740
825
820
732
757
767
775
818
788
758
729
711
445
374
374
374
400
325
305
284
309
317
323
388
432
307
322
308
324
326
355
455
455
709
732
756
779
802
1003
989
970
950
958
837
837
732
789
798
806
819
775
745
698
654
593
555
374
374
396
367
395
380
361
309
354
378
395
476
358
332
336
362
362
407
650
686
581
604
581
722
842
858
858
909
837
837
888
858
829
830
787
736
706
675
654
591
588
450
440
422
367
421
445
387
418
398
417
423
429
382
363
379
395
410
426
632
614
581
581
581
798
822
845
858
947
913
897
847
853
853
756
698
668
629
569
556
526
496
466
473
497
412
453
489
461
459
487
433
415
401
390
401
422
438
454
554
587
581
581
722
722
801
825
902
913
795
750
750
772
706
681
651
607
591
541
531
472
500
505
517
541
453
509
533
505
511
424
413
407
401
401
450
466
482
536
554
618
637
722
757
780
858
881
750
750
750
748
706
689
659
645
648
541
535
472
532
526
526
561
585
596
516
516
554
565
565
565
413
401
478
494
498
498
498
644
663
714
722
813
888
869
787
789
706
697
667
678
681
569
540
559
564
1146
526
581
596
629
653
516
537
597
606
606
606
491
506
514
537
554
570
585
685
746
769
844
871
840
821
808
704
705
710
714
718
568
568
568
1114
1118
596
596
686
662
696
571
571
641
659
683
692
799
818
565
582
598
616
671
724
801
840
808
854
808
734
738
742
746
750
754
568
1080
1080
1081
691
691
710
662
716
740
764
655
685
707
727
763
744
593
602
625
647
671
755
780
880
866
836
806
778
776
776
989
1003
1048
1003
691
691
689
662
737
760
784
733
733
728
751
771
758
627
643
649
679
697
872
841
776
810
776
949
978
1007
1003
1003
691
691
691
662
757
781
832
776
733
857
803
776
758
711
689
669
682
776
846
840
909
938
966
995
1003
1003
710
662
662
691
832
832
860
811
733
792
811
809
751
731
736
736
860
899
926
955
984
1003
1003
691
662
662
710
832
832
832
776
809
792
792
815
731
731
972
978
978
978
978
691
691
691
795
832
832
832
811
891
875
859
843
978
978
978
833
805
805
811
832
860
935
919
