938
930
945
1129
1163
1048
950
962
907
956
980
869
869
869
899
902
918
1098
1182
1212
921
931
912
891
891
833
817
817
869
869
869
869
873
839
828
890
1064
1088
1119
897
885
860
816
807
807
817
817
834
837
782
782
782
784
937
917
833
810
805
784
1032
1034
1065
877
859
835
808
796
780
785
785
801
803
806
744
782
782
782
782
784
823
930
840
811
781
760
1002
1034
1064
1070
825
825
783
768
752
752
752
768
768
716
739
1184
782
782
782
782
782
784
974
782
840
737
754
728
716
959
937
825
825
771
755
739
724
632
719
736
735
694
716
738
743
947
923
898
865
782
782
782
766
738
708
719
736
775
681
681
671
913
892
872
742
727
714
695
632
684
703
650
672
694
700
722
745
938
991
967
942
918
893
866
844
1064
766
706
685
707
687
666
742
661
640
626
868
848
819
708
632
670
632
632
683
627
649
655
678
1058
1009
970
927
1011
986
962
937
913
888
1108
810
887
831
661
640
618
635
689
701
591
591
582
822
788
753
713
677
622
604
594
605
611
633
655
677
957
949
896
1051
1027
1006
981
957
932
828
852
844
908
925
787
617
593
618
667
590
632
572
558
537
780
750
721
694
517
540
557
566
622
630
633
654
869
867
864
861
1066
1066
1048
1024
1001
976
784
808
792
761
731
675
708
731
563
552
531
568
591
481
527
513
492
472
451
473
495
517
522
570
599
621
611
646
646
834
831
829
858
1066
1066
1066
1045
1052
740
763
787
772
753
724
675
665
622
584
518
508
459
459
481
503
499
462
448
388
450
455
477
499
578
600
647
646
646
652
728
799
796
825
1076
1100
1123
986
686
676
654
633
612
772
675
675
639
639
639
606
642
484
459
482
567
544
459
438
417
388
411
433
455
477
665
628
659
723
652
638
716
734
764
792
789
1055
1078
940
737
722
653
631
610
589
568
547
639
639
639
602
581
508
490
440
419
588
379
374
382
382
364
388
371
432
710
687
628
682
703
679
638
693
716
664
693
757
1010
1034
896
790
745
784
806
608
586
565
544
523
502
481
528
507
528
528
478
458
392
376
330
300
373
323
345
398
424
754
732
710
684
705
725
652
636
601
580
655
684
696
741
882
839
833
810
745
745
829
837
563
541
520
499
478
457
436
507
470
470
493
433
429
352
331
328
278
300
322
422
443
469
490
510
756
735
713
539
612
580
616
646
675
698
726
869
863
809
789
705
705
834
813
792
518
497
476
455
434
335
551
470
516
494
470
712
734
284
229
229
229
299
321
467
487
514
534
778
757
499
521
547
577
605
585
665
749
793
906
938
786
765
744
705
704
789
768
748
474
452
431
410
335
368
551
538
516
668
690
240
189
212
269
290
229
331
490
511
470
455
393
455
479
507
533
562
634
655
676
781
755
950
893
869
761
705
720
701
680
601
707
707
704
429
407
335
335
198
187
578
598
645
195
145
167
124
293
314
335
355
376
347
446
425
393
435
463
486
515
541
657
678
699
814
749
880
950
869
850
829
705
698
677
656
601
601
701
680
659
385
363
335
198
198
186
161
151
93
93
43
41
317
338
358
379
330
324
346
369
387
398
398
466
498
878
681
702
723
728
780
820
901
900
825
805
736
674
653
632
601
591
571
656
635
614
340
318
262
230
186
169
114
76
59
20
48
22
362
382
327
280
252
324
352
375
434
461
445
502
878
817
793
768
764
811
832
1048
873
853
781
760
722
741
623
588
568
547
526
611
590
570
295
267
238
143
111
74
56
35
20
22
22
1
213
303
282
279
308
330
352
458
479
506
526
836
843
812
764
801
841
881
1023
859
829
783
736
696
668
646
564
544
523
502
481
497
541
533
280
187
166
111
52
31
15
15
30
20
41
41
213
235
258
258
258
330
482
503
523
550
571
836
872
840
792
825
821
997
859
829
762
746
733
684
669
681
700
499
478
398
398
489
325
219
210
188
131
40
38
36
33
23
44
65
168
190
219
242
258
258
308
506
527
547
568
595
616
897
916
755
792
794
972
953
933
746
777
681
661
627
659
681
746
454
398
442
370
277
255
256
277
88
80
77
78
57
76
68
89
146
175
197
220
242
258
667
667
676
614
588
619
640
660
941
743
770
806
1105
927
908
759
810
657
587
617
587
554
770
787
410
401
322
300
420
401
301
316
100
128
122
93
100
121
111
115
115
115
115
214
235
667
667
667
645
643
636
664
675
709
737
765
942
1073
902
883
866
717
688
667
627
573
553
435
381
401
374
346
325
301
365
350
196
163
157
178
166
175
160
165
155
176
197
218
238
254
486
498
702
694
697
608
632
657
681
681
971
966
872
876
839
719
673
670
615
589
518
487
445
409
368
406
420
441
397
395
415
195
216
201
219
204
146
189
209
200
221
241
254
254
302
455
498
539
564
597
642
660
681
681
971
920
833
813
794
775
653
629
555
553
495
471
434
368
430
451
465
429
437
439
460
303
264
249
204
146
213
233
254
245
254
254
254
448
455
496
520
553
599
635
660
660
692
703
941
807
788
769
748
722
692
537
490
514
474
465
434
431
475
489
510
472
481
491
302
282
272
204
216
237
257
278
299
288
309
330
429
454
486
529
538
666
672
664
660
660
655
1022
1041
725
725
725
703
676
562
553
543
492
510
539
478
499
519
480
459
511
352
338
329
365
379
379
261
281
302
323
343
333
354
410
442
590
556
576
633
703
695
687
660
671
1061
1061
725
709
687
660
634
588
546
575
510
563
580
523
422
468
435
397
383
310
329
378
379
379
285
305
326
347
368
388
384
380
380
623
607
606
633
738
740
741
660
1092
1104
1061
698
671
588
588
608
581
546
546
594
606
488
422
444
440
421
455
383
602
581
379
379
309
329
350
454
432
406
380
380
380
655
640
658
765
772
780
787
802
1134
1138
682
660
588
645
640
613
546
569
635
637
512
499
485
444
464
479
500
553
576
581
599
534
515
496
476
463
406
406
380
667
667
663
686
718
804
813
813
1164
1138
1138
658
655
655
650
634
569
683
676
669
558
528
514
679
489
509
515
544
564
659
627
545
535
521
510
488
406
406
380
667
663
663
663
757
838
834
830
1147
1047
709
655
706
682
678
634
734
733
687
570
556
645
693
725
754
553
567
582
631
658
672
545
553
537
516
406
406
406
667
663
663
663
866
865
817
1040
1037
738
738
713
713
713
693
765
588
588
588
624
726
772
792
577
583
612
607
611
605
593
553
553
546
406
406
406
431
663
663
866
866
826
1040
1028
764
768
745
747
823
693
679
633
626
588
608
739
739
822
852
876
612
657
678
633
628
616
553
553
553
406
508
663
663
663
866
866
852
1017
990
792
802
767
784
767
633
661
661
706
737
764
798
818
876
903
612
687
685
648
651
650
641
553
553
944
944
663
663
866
866
785
948
834
813
767
824
661
701
701
661
701
764
836
857
857
903
690
706
706
699
691
651
651
674
944
944
944
944
944
848
862
845
845
845
734
734
734
734
846
874
996
890
963
937
706
706
724
736
699
699
699
935
944
944
944
944
944
876
904
934
812
766
782
812
843
875
907
984
955
926
895
860
768
769
762
838
858
916
940
944
944
944
852
829
799
796
767
767
875
996
976
944
915
888
858
828
794
796
836
869
898
921
944
831
831
767
767
808
996
968
932
908
883
821
794
832
828
787
873
885
862
968
1117
960
921
900
840
842
794
861
861
