908
872
842
754
748
741
677
749
775
904
888
963
840
826
824
870
792
790
717
709
703
748
777
803
848
834
933
980
964
918
883
852
808
800
781
764
750
690
684
715
747
729
811
834
870
887
923
1006
1033
998
950
946
1002
883
776
775
755
793
765
737
638
638
671
700
733
764
793
823
848
938
962
995
1073
1092
947
935
919
913
836
1052
747
716
737
806
778
781
807
613
652
682
715
745
802
831
863
844
896
1005
1035
1051
1089
863
821
887
887
893
847
789
747
691
663
716
637
637
606
580
607
638
668
698
721
825
855
812
777
800
1081
1051
1107
1130
818
818
818
801
825
834
851
833
794
667
687
652
689
637
594
578
530
813
782
671
701
738
839
808
777
774
1081
1113
1091
1140
1146
1162
1104
750
750
797
735
781
805
807
697
657
741
675
700
602
618
607
586
556
500
518
568
598
629
684
737
768
747
742
1139
1148
1175
1172
1127
1081
1046
1041
750
750
750
719
739
763
787
676
657
715
640
629
570
568
537
538
507
484
541
571
602
632
652
763
794
714
682
725
721
1196
1196
1135
1047
1023
1008
847
818
799
750
698
718
709
714
736
629
579
608
627
554
566
493
505
447
428
428
485
485
635
695
725
756
681
725
721
721
1249
1147
1167
1032
963
993
972
874
858
791
772
755
657
657
674
664
607
608
566
537
511
511
500
470
440
403
427
480
510
516
581
596
648
686
716
612
704
704
1164
1121
1201
998
980
960
970
1021
893
812
787
745
717
691
641
625
639
605
572
525
537
482
461
518
459
361
384
434
463
493
523
564
601
624
630
612
622
653
668
1132
1085
1068
1030
1009
935
903
968
849
849
821
792
762
734
708
588
598
612
610
554
514
510
459
437
387
406
365
349
398
374
374
428
554
558
631
614
567
591
621
652
682
700
700
750
894
902
936
967
981
842
832
822
871
900
916
588
564
564
554
574
558
569
477
446
387
387
372
319
313
374
407
428
321
346
359
605
524
544
524
559
606
636
666
712
742
860
870
839
925
932
866
883
799
793
836
875
899
630
603
576
528
505
525
474
446
446
386
367
347
303
285
266
235
250
319
347
359
573
481
514
548
579
609
639
670
704
734
830
825
860
888
877
877
838
857
762
764
730
805
638
639
618
508
508
484
468
489
416
409
504
325
290
290
276
235
225
287
317
348
359
407
513
481
509
539
569
600
630
695
699
797
805
805
857
860
863
806
766
744
748
778
808
839
668
668
569
555
531
441
400
404
377
352
322
292
248
231
201
204
252
282
313
343
373
448
449
434
541
571
601
670
643
697
727
762
749
824
827
802
760
722
687
687
735
766
796
640
625
596
443
428
409
398
368
339
301
271
241
210
180
168
168
215
245
276
278
334
408
418
413
544
574
605
634
696
727
729
741
780
801
801
802
752
723
692
653
653
601
570
524
524
473
443
412
391
376
345
339
324
299
269
238
208
177
131
153
183
197
240
310
334
334
386
381
377
375
608
656
657
728
700
708
738
768
799
802
965
709
710
599
632
574
599
569
509
511
471
440
410
380
350
368
398
429
459
489
520
550
93
93
111
185
177
240
240
240
341
349
357
360
360
458
628
619
610
646
676
645
675
926
925
959
688
664
634
602
572
541
511
467
450
420
389
359
323
312
268
200
214
177
139
117
553
69
76
106
121
131
197
153
153
253
317
274
334
458
458
574
574
574
614
633
672
702
894
893
927
723
693
663
630
569
539
467
467
448
418
387
357
323
291
266
236
200
175
144
115
84
54
32
70
100
120
153
192
222
253
274
274
458
458
420
558
557
550
570
591
602
734
737
858
904
764
723
691
663
629
601
571
535
507
477
441
415
369
334
334
256
247
216
173
112
16
16
4
15
102
131
182
192
242
242
332
468
420
420
396
501
525
535
554
613
602
767
770
828
863
723
723
677
677
630
598
567
539
508
477
448
416
386
349
349
256
265
183
205
183
52
52
38
59
88
116
145
182
234
299
300
304
394
394
354
519
492
505
516
646
660
728
741
796
812
820
789
750
728
690
659
629
596
567
537
501
465
445
399
439
471
489
543
238
126
52
88
87
85
59
116
145
182
213
245
265
305
337
354
396
417
460
455
455
678
683
727
741
776
812
818
788
738
761
761
657
627
611
567
536
501
465
412
432
412
439
328
298
268
126
105
105
105
291
261
193
192
237
251
250
294
307
335
354
396
445
483
500
527
541
726
683
737
741
859
862
831
781
781
821
727
697
662
629
599
562
539
508
464
500
388
357
313
301
268
105
153
152
288
257
208
208
263
261
336
325
308
427
479
477
482
513
524
560
571
758
761
809
809
891
855
826
795
765
733
702
672
641
611
602
532
479
479
441
415
399
368
332
324
187
186
185
225
288
257
257
294
306
377
364
395
425
461
456
514
568
555
566
596
616
794
849
868
853
804
790
760
730
700
669
639
609
576
532
517
483
441
415
397
366
336
306
275
208
217
258
289
319
283
327
453
357
390
357
390
493
500
532
532
585
596
607
653
840
889
899
895
849
849
826
796
765
735
705
678
601
546
517
509
441
439
417
387
356
326
274
235
235
384
290
320
477
359
456
422
422
478
508
538
568
571
571
571
627
675
680
863
903
927
933
888
886
824
793
763
731
701
636
634
556
517
541
516
473
450
419
389
358
328
282
305
352
373
404
428
392
499
454
449
488
515
533
562
571
617
632
645
668
716
725
911
948
917
922
961
791
822
727
697
678
636
655
623
592
561
527
447
416
386
355
291
314
291
341
375
406
428
423
402
487
487
487
543
529
597
599
632
651
651
699
747
756
942
972
946
923
822
820
799
724
705
636
672
593
589
559
536
498
467
437
407
376
345
345
419
495
408
428
447
473
525
509
542
583
568
630
634
736
696
706
730
723
787
895
1016
901
879
760
760
748
728
731
705
680
651
574
568
623
579
548
404
345
376
408
468
495
569
488
489
447
509
550
529
572
696
681
664
736
732
823
762
769
803
947
927
857
816
793
760
731
757
711
674
644
598
598
600
548
531
510
415
411
441
452
450
569
543
508
495
495
580
591
609
698
663
756
811
770
800
769
769
805
902
862
824
860
957
804
779
928
932
598
862
836
858
529
481
481
465
443
486
484
483
598
572
538
594
625
669
621
628
681
719
748
818
770
769
769
969
884
915
957
970
936
876
898
845
791
836
825
885
895
553
553
479
475
519
517
515
614
600
595
574
624
674
661
665
687
741
744
743
770
900
927
876
1052
1014
992
923
876
867
838
791
763
790
920
667
715
683
500
500
549
569
600
614
653
615
615
778
747
693
687
709
758
743
829
858
885
912
1058
1032
1051
1074
876
791
791
763
749
739
693
667
683
653
543
541
584
549
580
614
739
837
806
776
745
712
712
732
743
775
816
844
869
1116
1053
1012
967
784
784
784
750
693
667
642
612
572
591
610
653
684
714
744
774
804
822
762
758
867
838
810
802
845
1072
1034
985
849
836
786
782
738
707
622
572
572
645
610
610
610
719
749
779
809
822
867
781
781
850
872
842
1013
972
941
849
781
763
749
736
722
720
683
677
671
610
610
724
754
784
871
822
822
781
781
900
859
919
896
873
793
778
850
801
762
714
708
702
658
698
728
915
909
903
897
1088
1116
900
842
822
806
892
833
778
746
739
708
708
855
894
947
941
935
929
1056
897
875
786
763
763
763
855
877
894
960
960
