900
869
839
758
720
703
694
716
735
775
805
942
912
881
851
794
813
760
653
668
671
685
720
764
745
810
863
852
949
949
944
914
883
853
794
794
858
640
640
638
645
713
713
754
778
786
818
872
914
900
900
1004
949
946
915
885
794
794
859
881
901
607
605
612
714
700
723
756
763
807
856
881
911
931
888
867
867
867
867
947
754
754
794
539
539
539
539
574
573
567
597
668
695
727
730
784
823
854
884
914
944
855
855
835
835
733
719
706
685
754
750
719
545
539
539
539
540
547
597
627
658
688
718
748
778
801
839
940
1061
991
825
825
825
824
813
802
730
707
690
682
754
750
720
689
659
545
509
508
489
537
603
574
604
697
779
813
785
801
1008
983
1075
1005
1016
881
865
849
829
803
781
750
723
700
683
665
754
750
720
689
659
628
476
475
480
538
568
534
574
811
811
845
846
911
962
1009
1022
996
981
1069
892
881
866
844
815
760
744
712
684
665
645
514
510
486
437
423
401
444
443
451
500
534
515
515
822
842
850
871
911
948
966
1008
995
963
944
896
872
904
889
867
760
760
737
693
660
640
625
522
491
511
486
465
423
401
412
431
461
492
481
1242
859
874
874
906
950
1006
1006
990
960
925
910
1084
919
953
942
813
821
765
760
760
716
655
551
611
599
522
491
524
460
455
426
379
381
409
461
476
497
1200
1207
904
934
965
972
999
1038
980
950
901
882
967
1146
855
825
765
782
740
740
740
555
551
551
551
551
553
522
492
461
431
400
358
336
348
336
387
443
1171
1168
1175
938
964
995
1026
1010
990
938
910
869
849
935
994
862
819
809
769
750
740
740
636
488
431
524
524
524
518
487
459
428
398
367
338
300
315
336
387
405
420
1106
1142
970
993
1017
996
963
935
912
884
838
813
902
947
962
871
847
806
723
718
713
636
488
431
431
431
431
524
520
468
417
428
398
367
284
283
282
293
293
361
361
1080
1002
1002
1030
1000
969
915
908
877
847
797
782
888
907
937
845
791
738
773
696
690
676
636
488
431
431
431
431
480
419
372
372
429
398
252
251
250
249
265
311
329
349
379
409
430
470
488
523
561
592
598
630
683
713
924
966
944
962
811
790
760
738
636
636
636
625
488
488
431
431
431
452
439
352
352
352
216
216
217
217
217
257
288
315
349
379
409
430
470
488
523
561
592
622
630
683
713
734
1009
998
1001
1134
708
709
709
633
685
662
604
576
488
511
479
410
410
457
319
319
264
183
183
184
184
185
185
287
283
282
397
423
464
432
432
557
531
525
551
581
611
642
712
1009
1039
1037
1101
635
650
676
632
632
515
504
474
469
470
377
377
377
249
264
287
198
144
151
151
152
152
129
189
250
250
442
397
434
408
408
370
489
490
528
558
588
619
680
1014
1053
1088
1068
1069
635
635
627
590
565
535
504
474
443
412
382
342
342
248
254
255
199
172
118
119
119
119
159
190
217
474
474
402
402
375
357
357
464
469
468
505
547
568
657
1057
1081
1120
1104
1035
1036
655
675
590
590
566
515
534
443
450
414
314
314
275
248
198
222
200
144
113
45
87
87
88
133
169
184
450
419
358
324
342
336
424
450
468
495
492
497
614
1088
1057
1106
1143
1003
1003
711
707
590
485
485
485
474
443
400
382
352
275
275
248
217
188
157
124
113
45
45
53
88
134
151
505
449
358
383
311
311
305
401
400
433
455
487
497
584
580
1069
1094
1145
1002
981
751
728
583
501
485
485
474
443
400
382
351
310
310
198
198
118
63
96
81
22
22
22
34
35
119
97
466
435
211
239
259
304
335
364
372
425
455
467
516
535
991
1136
1146
938
938
736
678
583
547
533
503
533
460
418
400
349
349
328
247
198
96
63
63
48
26
11
10
30
59
90
120
151
181
212
239
260
302
333
354
393
424
447
467
515
537
949
984
995
906
905
736
647
617
583
547
506
491
461
418
400
370
306
306
258
207
197
134
115
81
79
32
31
58
48
140
120
97
181
212
285
298
260
332
354
393
475
488
508
535
578
927
922
955
836
874
709
685
719
737
586
506
585
558
580
580
306
332
285
258
227
197
166
141
103
125
46
64
47
92
172
172
151
266
324
323
318
302
332
354
392
441
478
491
648
610
897
891
981
823
831
765
735
680
704
659
614
549
544
547
547
463
354
328
301
267
246
141
184
156
145
97
97
47
96
205
232
262
293
324
355
342
342
342
863
478
478
478
651
678
641
847
847
1006
798
779
765
734
704
672
643
613
582
549
508
492
461
431
391
370
320
309
279
248
218
187
130
129
337
307
236
236
296
294
324
387
375
396
893
862
832
801
771
739
708
665
665
796
796
844
819
789
759
727
683
668
637
607
577
546
516
485
398
368
338
307
277
247
198
185
155
157
190
221
251
281
312
342
372
419
432
463
493
524
554
566
595
644
675
713
687
788
921
866
836
805
775
693
678
648
626
598
517
544
535
505
436
376
362
332
301
244
239
199
185
219
250
280
311
341
372
402
433
463
474
524
554
584
586
602
646
677
681
736
797
955
864
834
759
726
726
726
647
567
630
633
518
472
504
483
421
391
360
330
306
256
234
226
331
395
425
456
486
457
547
526
485
485
554
528
621
635
614
677
708
742
739
830
968
936
832
782
726
778
776
645
667
665
662
472
483
535
535
419
389
305
297
348
297
275
259
306
337
349
398
427
460
471
519
485
485
586
585
653
682
698
742
728
765
765
861
990
968
753
813
811
809
702
700
697
694
535
511
570
535
511
348
297
297
297
333
309
286
326
356
386
417
447
478
508
538
563
581
615
641
683
658
723
777
774
815
790
1013
1034
842
842
842
863
890
716
723
737
605
603
602
601
535
535
349
349
297
349
341
311
311
382
382
465
449
513
484
540
588
575
597
744
717
683
805
790
783
847
844
1068
1025
842
876
842
916
921
765
765
697
669
635
634
633
593
541
400
399
398
374
362
392
423
453
474
492
534
564
594
617
655
685
727
737
776
807
837
868
879
1048
1025
910
908
906
936
798
798
739
710
641
667
641
664
593
612
548
560
430
407
388
353
424
478
505
540
544
548
625
636
666
720
701
746
786
790
839
878
912
1009
978
941
926
889
851
835
795
775
744
699
669
655
624
593
547
516
463
422
415
415
537
549
524
555
598
628
652
685
716
748
775
805
839
864
884
926
963
963
925
900
865
851
817
753
762
716
673
642
612
567
553
523
492
463
452
451
525
569
592
591
639
725
693
722
736
771
801
827
872
908
938
992
992
967
930
901
901
855
811
782
765
706
669
643
593
583
522
471
504
472
511
525
571
601
603
650
662
721
761
775
804
843
941
903
926
972
1033
1011
981
933
914
876
829
809
736
758
714
683
650
635
684
538
518
504
544
571
604
647
655
722
738
738
726
775
804
870
899
935
956
1007
974
913
901
877
847
814
787
757
726
696
666
651
570
547
547
590
619
650
680
692
728
774
774
836
867
897
927
1000
996
1015
901
860
848
814
768
756
712
695
665
624
589
583
582
634
857
805
729
806
773
807
806
1090
1086
1066
944
1037
985
910
909
814
768
746
746
746
700
665
634
615
614
675
685
735
766
756
821
851
915
885
916
1035
937
927
897
866
836
805
794
722
705
667
629
639
676
685
737
756
798
828
853
888
918
955
925
898
819
782
760
737
700
681
907
868
848
817
798
929
908
869
851
827
797
767
730
713
940
909
879
849
830
