1123
1093
1064
1020
1004
967
908
908
883
853
826
1230
1190
1171
1140
1110
1083
1030
1000
980
939
912
879
849
819
779
789
841
1355
1330
1329
1150
1150
1147
1117
1042
1042
989
1011
908
945
875
845
759
758
771
820
856
886
1240
1198
1212
1400
1422
1461
1150
1091
1117
1209
1106
1049
1044
980
977
871
727
726
725
738
793
785
779
920
951
1317
1171
1176
1179
1417
1456
1488
1254
1224
1174
1196
1106
1088
1060
1013
1010
723
723
723
692
705
759
759
759
759
954
985
1291
1321
1167
1130
1105
1075
1045
1015
984
954
1174
1160
1130
1111
803
1025
1025
641
672
703
659
673
726
726
726
650
650
938
938
1029
999
959
939
909
878
1102
1071
1041
1011
980
950
920
890
859
829
799
768
738
708
641
671
627
640
694
694
650
726
756
786
931
932
952
1045
1015
985
946
924
894
875
844
808
784
754
723
693
663
621
621
825
795
765
734
704
674
641
581
605
640
650
700
731
761
791
821
899
1045
1047
1041
1011
946
964
941
911
875
851
799
770
740
710
680
649
611
643
673
703
734
671
640
579
550
560
559
559
650
705
735
765
796
826
867
1012
1014
1383
1417
1443
1470
1013
1009
875
910
819
847
767
754
754
698
668
635
585
481
481
455
464
419
474
491
514
526
591
622
652
665
713
743
773
835
833
974
944
1323
1356
1397
1445
1452
1030
1000
970
940
896
880
967
775
770
740
694
670
451
451
440
410
395
406
462
461
461
550
550
615
645
674
705
735
765
794
837
867
907
928
1285
1341
1353
1405
1443
1079
1052
1022
953
886
912
934
776
746
780
676
701
451
451
435
405
365
373
480
439
442
610
550
550
697
655
655
739
769
794
794
860
889
920
1213
1360
1220
1190
1152
1128
1096
1050
1019
985
948
939
892
866
813
787
756
733
445
476
506
341
322
322
322
406
410
577
580
770
730
726
715
743
1318
1305
1275
864
889
889
944
1220
1233
1193
1221
1203
1203
1115
1148
1061
1020
975
975
914
865
821
845
766
766
396
439
469
296
302
270
314
374
377
545
492
634
742
715
715
782
1296
1270
1254
1212
1169
1042
980
1118
1254
1262
1277
1249
1235
1181
1161
1121
1091
1025
1014
975
990
972
947
890
882
798
364
431
461
264
269
447
339
320
345
492
510
580
634
698
760
790
818
818
1235
1205
1169
1146
1097
1072
1133
1186
1233
1264
1282
1246
1217
1177
1074
1074
1063
686
686
686
890
924
890
874
831
306
271
245
213
203
412
372
310
477
510
532
583
613
669
659
652
818
1312
1282
1252
1203
1097
1044
1045
1084
1188
1223
1302
1308
1158
1152
1127
1133
1105
1081
686
686
686
686
817
820
842
773
285
288
223
200
203
402
248
277
438
472
489
532
563
626
640
572
650
1308
1278
1247
1224
1059
1035
1004
1048
1217
1254
1282
1259
1229
1119
1169
1145
1161
668
670
673
675
678
785
788
735
741
314
322
346
168
173
178
263
245
414
454
472
536
566
596
572
711
684
684
761
792
819
1059
980
982
959
1002
1227
1286
1269
1263
1233
1090
1089
1117
1139
585
638
641
585
648
752
755
674
708
306
338
241
138
49
81
308
213
382
422
439
443
539
541
684
684
649
684
759
790
819
819
875
949
959
959
890
915
1217
1188
992
1021
1050
1069
654
585
585
605
585
585
585
556
727
700
270
273
206
96
38
53
84
341
180
330
403
377
441
506
522
649
649
696
727
757
788
818
848
878
916
939
851
875
898
924
951
692
692
692
609
609
641
614
573
496
434
434
556
556
556
237
241
160
8
25
56
88
119
150
294
368
393
442
466
490
631
605
626
671
755
786
816
819
881
885
896
798
856
880
906
689
683
677
671
609
609
656
513
541
492
434
434
434
537
607
205
139
143
35
36
57
91
189
187
294
404
408
475
512
539
600
600
652
671
655
686
716
750
851
853
863
798
836
707
677
621
599
645
637
585
587
542
508
509
488
458
434
471
494
574
173
106
110
15
15
47
201
222
219
347
350
378
437
480
512
567
545
595
625
656
686
717
748
758
829
1001
775
734
704
621
643
666
614
599
510
554
521
475
476
401
405
410
172
172
541
112
71
78
34
30
57
201
255
397
385
359
388
403
441
470
504
534
595
625
656
686
717
747
777
819
829
760
731
700
670
640
609
555
576
510
510
489
422
444
346
373
377
172
141
112
112
75
69
76
58
58
290
287
284
390
419
398
866
836
806
511
521
521
521
656
687
717
977
845
852
808
729
728
678
667
637
607
577
546
516
486
455
405
394
364
329
299
273
218
112
112
113
102
58
58
325
323
320
317
314
454
451
846
818
786
751
570
521
521
657
687
941
944
882
883
876
813
715
715
715
633
603
573
542
512
488
451
421
391
360
339
307
269
239
208
178
146
130
58
106
358
397
352
349
346
486
484
481
597
754
718
602
601
601
784
815
896
913
911
917
935
787
757
727
696
665
627
597
566
535
488
416
386
356
348
340
278
253
206
176
150
140
133
130
397
366
366
366
600
527
540
571
601
716
686
635
634
755
785
816
867
871
916
888
812
781
750
698
669
629
599
568
539
477
456
430
402
336
321
307
296
204
174
150
147
140
140
366
420
417
414
587
620
670
700
605
637
661
695
725
755
786
816
848
852
852
871
839
809
766
725
717
684
731
762
792
823
451
436
370
364
344
340
329
324
198
152
150
140
397
456
453
450
447
580
650
817
787
756
707
699
822
751
754
784
799
834
891
871
871
866
836
811
780
736
727
940
907
868
483
458
415
417
383
377
372
381
411
427
428
428
494
491
488
485
482
479
686
683
725
755
779
733
731
764
795
825
856
910
907
918
935
952
904
806
776
748
736
1016
911
517
501
476
460
453
429
409
397
423
441
441
441
441
788
524
521
518
515
763
728
690
747
775
779
774
754
782
812
842
873
903
914
1118
962
883
873
916
946
974
597
572
528
517
504
496
471
465
441
429
394
458
441
441
803
855
769
553
550
547
772
740
762
768
802
825
819
795
784
815
845
977
933
950
967
1074
841
691
645
640
615
598
574
517
561
508
503
478
473
461
394
451
441
441
803
837
803
769
583
832
811
798
793
768
928
899
870
828
874
905
935
959
971
977
994
808
709
683
645
642
616
539
517
563
562
535
511
506
493
488
483
461
769
769
786
775
735
610
864
827
824
1000
968
933
895
837
837
837
837
934
951
966
1004
1021
727
708
685
684
635
994
1020
1042
546
566
543
538
539
560
560
560
769
782
751
719
701
651
897
875
1051
999
980
967
851
837
837
837
837
837
951
1113
1135
708
701
931
956
986
1015
1057
603
598
575
570
573
569
569
782
820
816
719
701
722
679
940
955
999
1034
980
1302
1302
1296
837
837
1244
1224
1200
1176
801
887
912
944
972
646
641
636
630
607
602
605
599
593
587
853
848
735
764
747
715
960
989
1016
1034
1034
1276
1270
1264
1258
1252
1355
1243
1220
1195
864
836
864
960
678
673
668
644
639
634
637
631
625
878
878
878
764
764
787
747
978
1053
1073
1133
1034
1244
1238
1232
1226
1220
1348
1352
1241
986
1017
1047
1078
700
677
672
667
669
663
657
878
878
872
764
802
819
780
978
1021
1047
1100
1060
1094
1206
1200
1127
1182
1317
1016
1047
1077
732
709
704
707
700
694
687
957
957
937
907
857
816
812
969
993
1023
1054
1060
1094
1174
1168
1127
1182
1118
1115
749
741
736
739
732
726
719
957
982
936
872
857
847
910
936
936
978
1009
1040
1121
1094
1127
1161
796
773
768
771
766
758
1007
1007
1016
978
941
902
880
883
909
936
990
1007
1037
1068
1114
800
803
798
793
1007
1054
1048
978
971
907
912
920
965
936
1014
1050
1081
825
1092
1086
1080
1024
1001
978
944
952
998
997
