885
885
885
839
829
826
806
731
784
845
753
1507
1499
885
885
885
885
885
840
829
804
775
757
710
682
712
701
670
1536
1526
1526
1511
885
885
885
885
885
872
849
796
766
731
707
683
676
670
701
731
761
1585
1560
1542
1526
1526
885
641
885
885
885
885
882
863
749
749
749
725
659
645
643
690
720
899
866
834
860
829
788
768
677
677
531
531
615
885
885
885
885
866
572
618
749
624
627
605
613
596
728
757
787
813
847
890
859
828
677
677
677
677
531
531
531
531
531
521
521
521
572
535
535
589
596
575
574
597
704
765
795
813
854
884
896
896
889
858
828
790
677
677
677
677
531
531
531
531
521
521
521
572
572
535
556
533
545
637
651
693
704
803
813
813
813
896
896
896
896
896
888
857
827
791
768
677
677
677
657
627
531
531
531
521
531
557
572
515
530
498
486
514
688
651
651
651
715
813
813
896
896
896
896
896
896
887
856
826
792
767
737
677
677
661
630
531
531
531
521
522
530
446
484
462
474
473
485
720
727
687
600
600
678
896
926
926
926
940
896
896
896
886
855
825
793
764
734
700
677
665
634
604
573
525
526
508
481
453
454
432
431
443
455
526
682
673
600
541
600
926
926
926
926
926
960
921
891
896
896
885
854
824
794
762
731
702
636
636
638
608
492
493
494
401
427
427
412
390
378
378
437
494
651
600
600
541
540
926
926
922
1003
998
993
951
915
881
792
792
778
745
714
686
655
625
546
603
603
504
477
403
460
461
370
313
313
360
359
370
312
437
461
620
600
534
540
540
898
894
889
971
966
960
971
942
909
877
792
792
780
748
717
688
657
627
596
546
571
505
475
403
425
423
393
361
313
313
312
282
391
418
437
480
576
540
540
540
566
858
855
853
937
936
936
959
930
903
873
842
812
781
750
720
689
659
628
598
567
536
505
474
444
403
383
352
323
281
259
282
302
372
394
407
505
547
540
540
540
540
821
821
821
907
907
907
1115
950
924
850
844
837
807
758
746
716
685
655
624
594
563
533
500
470
401
401
347
309
305
268
232
247
333
362
390
418
496
514
564
540
607
640
782
786
789
874
876
794
794
1124
1154
1157
844
844
835
758
849
863
892
922
847
817
595
565
731
738
718
685
722
767
309
334
178
210
217
292
321
350
430
469
458
589
610
633
640
640
751
840
794
794
771
800
1133
1157
1157
844
756
756
756
828
826
897
928
841
811
781
751
703
721
677
671
701
741
356
361
168
177
178
178
331
361
390
410
446
527
555
655
640
639
715
807
794
730
730
812
1142
1157
1157
844
758
756
756
795
794
756
678
678
678
775
703
703
685
637
626
606
716
416
404
137
147
156
166
344
373
394
400
458
496
515
543
655
654
689
775
730
730
730
823
880
851
823
790
761
756
756
756
756
756
762
732
678
678
588
588
588
588
559
559
536
459
446
95
107
54
54
135
187
353
370
381
421
438
526
555
583
598
641
741
730
730
806
835
863
868
840
811
779
629
629
735
733
731
730
755
725
678
678
645
588
588
588
559
559
541
505
476
65
54
54
100
169
198
322
321
379
408
458
485
511
584
611
645
686
709
789
818
846
875
856
828
799
768
637
629
681
700
699
697
695
594
645
648
638
574
579
626
596
576
536
499
27
36
86
105
152
180
204
292
310
360
492
485
458
536
579
592
620
627
686
749
777
806
887
845
816
786
757
728
629
629
668
666
664
594
594
594
594
509
541
547
509
567
589
474
487
5
28
32
84
163
192
217
268
241
241
336
365
393
578
549
577
592
607
621
760
789
818
1133
833
804
775
747
718
629
629
629
633
632
587
516
580
578
548
518
509
509
598
606
444
20
15
15
38
55
55
221
249
262
291
319
348
376
405
505
521
550
563
578
593
772
1125
1159
1103
821
794
765
736
707
678
629
621
592
587
597
516
548
516
428
478
484
489
565
402
415
48
36
23
88
55
55
290
285
241
303
331
360
388
416
477
506
522
539
555
1231
1216
1202
1174
1120
809
783
754
725
696
667
637
610
581
567
566
536
525
487
457
446
428
522
536
372
83
78
103
43
59
55
59
313
315
241
314
636
371
400
416
462
455
455
455
528
1180
1194
1231
1150
1164
798
772
743
714
637
637
674
599
543
543
513
470
455
426
397
403
465
494
309
343
120
83
113
89
454
426
361
356
319
319
626
620
510
452
452
455
455
455
455
1093
1093
1165
1131
1135
1218
903
873
844
704
637
637
706
700
543
474
474
474
449
420
372
358
329
262
301
163
149
83
59
59
59
374
374
386
319
319
582
582
552
518
519
455
455
455
455
1093
1093
1137
1087
1135
1116
867
837
807
734
736
739
733
543
474
474
468
375
375
375
351
322
290
272
187
170
164
150
319
78
379
398
428
448
395
490
582
565
563
547
530
455
455
1093
1093
1093
1081
1067
1118
860
830
800
770
740
771
765
650
620
591
458
375
375
371
285
285
285
258
262
236
267
297
327
357
386
416
452
472
493
535
609
593
590
574
558
455
525
1093
1093
1122
1055
1020
1034
853
823
793
763
733
687
674
644
614
584
554
524
494
361
332
353
339
287
236
236
236
305
334
364
394
424
453
483
513
543
605
634
618
602
585
738
768
798
1106
1141
1021
991
1025
846
816
786
756
680
680
667
637
607
577
547
518
488
458
404
380
321
316
236
236
236
236
342
372
401
431
461
491
520
550
572
601
618
684
714
744
774
804
834
1106
1065
970
998
809
680
680
680
680
661
631
790
571
541
511
481
423
423
411
359
363
395
424
454
484
514
379
409
439
468
498
592
589
567
617
647
677
721
751
781
811
840
870
927
955
680
680
680
680
680
762
760
757
755
534
504
423
423
423
401
381
365
365
431
461
491
521
551
581
615
656
636
620
617
567
567
653
683
713
743
773
803
833
845
898
934
680
680
680
677
730
727
725
719
648
618
537
456
479
432
381
381
365
438
593
571
544
577
584
601
647
664
660
751
774
629
659
689
719
989
946
932
901
862
898
680
680
680
712
706
705
701
679
648
617
587
556
511
465
464
457
365
445
605
632
632
635
631
601
691
704
674
779
809
819
867
899
928
999
986
938
920
941
977
680
680
705
705
695
692
673
648
617
586
516
542
497
518
518
518
611
618
672
713
680
665
753
748
708
745
750
812
819
877
906
936
967
1023
964
1004
1045
705
705
692
692
687
673
647
617
570
516
574
513
544
571
599
626
653
681
687
719
701
788
756
708
708
750
750
819
819
913
1075
979
991
1049
1007
702
692
692
692
676
673
599
516
537
605
607
561
513
586
613
641
668
695
723
759
731
819
756
756
708
708
1201
1136
1136
1119
1023
1052
1035
1075
1007
692
692
692
628
537
516
537
636
638
640
594
594
594
628
655
683
710
737
765
862
832
756
756
756
1215
1204
1201
1176
1136
1097
1072
1099
1122
698
537
537
537
675
675
674
674
627
624
621
619
670
697
725
752
782
889
832
832
832
831
1215
1215
1217
1190
1142
1124
1160
537
537
750
729
722
715
707
659
657
654
651
649
712
739
826
932
909
900
832
866
1281
1215
1215
1234
1186
1168
1208
829
792
779
761
751
741
691
683
676
670
903
886
870
853
960
909
909
909
1288
1281
1315
1279
1260
1213
1195
816
801
784
730
694
694
694
694
930
914
897
1004
987
909
909
1381
1378
1364
1323
1288
1253
815
747
747
694
694
943
943
941
1048
1031
1015
909
981
1389
1389
1389
1349
747
890
943
985
1092
1068
1058
1042
1025
1009
1400
